7,2;20,6;42,9;07.11.2017-00:00:04
7,3;20,6;42,9;07.11.2017-00:20:03
7,2;20,6;42,9;07.11.2017-00:40:04
7,2;20,6;42,9;07.11.2017-01:00:03
7,2;20,6;43,5;07.11.2017-01:20:03
7,2;20,6;42,9;07.11.2017-01:40:03
7,1;20,5;43,5;07.11.2017-02:00:03
7,1;20,5;43,5;07.11.2017-02:20:03
7,0;20,5;44,0;07.11.2017-02:40:03
6,9;20,5;42,9;07.11.2017-03:00:03
6,8;20,6;42,9;07.11.2017-03:20:03
6,6;20,6;42,9;07.11.2017-03:40:03
6,6;20,5;42,9;07.11.2017-04:00:03
6,2;20,5;42,9;07.11.2017-04:20:03
6,3;20,5;42,9;07.11.2017-04:40:03
6,2;20,5;43,5;07.11.2017-05:00:03
6,0;20,5;42,9;07.11.2017-05:20:03
5,9;20,5;43,5;07.11.2017-05:40:03
5,6;20,5;43,5;07.11.2017-06:00:03
5,6;20,5;43,5;07.11.2017-06:20:03
5,6;20,5;42,9;07.11.2017-06:40:03
5,6;20,6;42,9;07.11.2017-07:00:03
5,8;18,8;41,9;07.11.2017-07:20:03
5,6;19,9;41,9;07.11.2017-07:40:03
5,7;20,2;47,8;07.11.2017-08:00:04
5,6;20,3;41,9;07.11.2017-08:20:03
5,6;20,4;41,9;07.11.2017-08:40:03
5,5;20,4;41,3;07.11.2017-09:00:03
5,4;20,4;41,9;07.11.2017-09:20:04
5,4;20,4;42,4;07.11.2017-09:40:03
5,9;20,5;41,9;07.11.2017-10:00:03
5,8;20,5;41,9;07.11.2017-10:20:03
5,8;20,5;41,9;07.11.2017-10:40:04
5,9;20,5;41,9;07.11.2017-11:00:03
5,9;20,6;42,4;07.11.2017-11:20:03
6,0;20,6;41,9;07.11.2017-11:40:03
5,9;20,6;42,4;07.11.2017-12:00:03
5,8;20,6;41,3;07.11.2017-12:20:03
5,9;20,5;41,9;07.11.2017-12:40:03
5,9;20,5;42,4;07.11.2017-13:00:03
6,0;20,6;41,9;07.11.2017-13:20:04
6,3;20,6;41,9;07.11.2017-13:40:03
6,5;20,6;41,9;07.11.2017-14:00:03
6,8;20,6;41,9;07.11.2017-14:20:03
6,6;20,6;41,9;07.11.2017-14:40:04
6,6;20,6;42,4;07.11.2017-15:00:03
6,6;20,5;41,9;07.11.2017-15:20:03
6,8;20,5;41,9;07.11.2017-15:40:03
6,6;20,5;42,4;07.11.2017-16:00:03
6,8;20,5;41,9;07.11.2017-16:20:03
6,8;20,5;42,9;07.11.2017-16:40:03
6,8;20,5;42,9;07.11.2017-17:00:03
6,7;20,6;43,5;07.11.2017-17:20:03
6,5;20,5;43,5;07.11.2017-17:40:03
6,6;20,5;42,9;07.11.2017-18:00:03
6,5;20,5;43,5;07.11.2017-18:20:03
6,5;20,6;43,5;07.11.2017-18:40:03
6,5;20,5;43,5;07.11.2017-19:00:03
6,6;20,5;43,5;07.11.2017-19:20:03
6,4;20,5;43,5;07.11.2017-19:40:03
6,4;20,5;42,9;07.11.2017-20:00:03
6,6;20,5;43,5;07.11.2017-20:20:03
6,6;20,5;42,9;07.11.2017-20:40:03
6,8;20,5;42,9;07.11.2017-21:00:03
6,8;20,5;43,5;07.11.2017-21:20:03
6,8;20,5;43,5;07.11.2017-21:40:03
6,9;20,5;43,5;07.11.2017-22:00:04
7,1;20,5;42,9;07.11.2017-22:20:03
6,9;20,5;42,9;07.11.2017-22:40:03
6,9;20,5;43,5;07.11.2017-23:00:04
6,9;20,5;42,9;07.11.2017-23:20:03
6,9;20,5;42,9;07.11.2017-23:40:03
