11.9;20.1;42.9;03.11.2017-00:00:03
11.9;20.1;42.9;03.11.2017-00:20:03
12.0;20.2;42.9;03.11.2017-00:40:03
12.1;20.2;42.9;03.11.2017-01:00:03
12.1;20.2;42.9;03.11.2017-01:20:03
11.9;20.2;42.9;03.11.2017-01:40:03
11.8;20.1;43.5;03.11.2017-02:00:03
11.2;20.2;42.9;03.11.2017-02:20:03
10.4;20.1;42.9;03.11.2017-02:40:03
10.1;20.2;43.5;03.11.2017-03:00:03
10.1;20.2;42.9;03.11.2017-03:20:03
10.2;20.2;42.9;03.11.2017-03:40:04
10.2;20.2;42.9;03.11.2017-04:00:03
10.3;20.2;43.5;03.11.2017-04:20:03
10.3;20.2;43.5;03.11.2017-04:40:03
10.2;20.2;43.5;03.11.2017-05:00:03
9.8;20.2;42.9;03.11.2017-05:20:04
9.6;20.2;43.5;03.11.2017-05:40:03
9.5;20.2;43.5;03.11.2017-06:00:03
9.2;20.2;43.5;03.11.2017-06:20:03
8.9;20.1;42.9;03.11.2017-06:40:03
8.9;18.2;41.9;03.11.2017-07:00:03
9.2;18.8;41.3;03.11.2017-07:20:03
9.5;19.8;42.9;03.11.2017-07:40:03
9.7;19.9;46.2;03.11.2017-08:00:03
10.4;19.9;41.9;03.11.2017-08:20:04
10.2;19.9;41.3;03.11.2017-08:40:03
10.8;20.0;41.9;03.11.2017-09:00:03
11.4;20.1;41.3;03.11.2017-09:20:03
12.2;20.1;41.9;03.11.2017-09:40:04
12.9;20.1;42.4;03.11.2017-10:00:03
13.4;20.1;41.9;03.11.2017-10:20:03
13.9;20.2;41.9;03.11.2017-10:40:03
14.5;20.2;41.3;03.11.2017-11:00:04
15.1;20.2;41.9;03.11.2017-11:20:03
15.6;20.2;41.9;03.11.2017-11:40:03
16.1;20.2;41.9;03.11.2017-12:00:03
16.8;20.2;41.9;03.11.2017-12:20:04
17.5;20.2;41.9;03.11.2017-12:40:03
19.0;20.3;41.9;03.11.2017-13:00:03
20.9;20.4;41.9;03.11.2017-13:20:03
23.8;20.4;41.9;03.11.2017-13:40:04
25.6;20.5;41.9;03.11.2017-14:00:03
27.7;20.6;41.9;03.11.2017-14:20:03
28.2;20.6;41.9;03.11.2017-14:40:03
29.4;20.6;41.9;03.11.2017-15:00:03
28.7;20.6;41.9;03.11.2017-15:20:03
26.8;20.8;41.9;03.11.2017-15:40:03
22.0;20.6;42.9;03.11.2017-16:00:03
19.7;20.6;41.9;03.11.2017-16:20:04
17.9;20.5;42.9;03.11.2017-16:40:03
16.4;20.4;44.0;03.11.2017-17:00:03
14.9;20.4;43.5;03.11.2017-17:20:03
14.0;20.4;42.9;03.11.2017-17:40:03
13.0;20.4;43.5;03.11.2017-18:00:03
12.3;20.4;43.5;03.11.2017-18:20:03
11.6;20.4;42.9;03.11.2017-18:40:03
11.0;20.4;43.5;03.11.2017-19:00:03
10.6;20.4;42.9;03.11.2017-19:20:03
10.2;20.4;43.5;03.11.2017-19:40:03
9.9;20.4;43.5;03.11.2017-20:00:03
9.7;20.4;43.5;03.11.2017-20:20:03
9.2;20.3;43.5;03.11.2017-20:40:03
9.0;20.4;43.5;03.11.2017-21:00:03
8.8;20.3;43.5;03.11.2017-21:20:03
8.6;20.4;42.9;03.11.2017-21:40:03
8.4;20.3;43.5;03.11.2017-22:00:03
8.5;20.3;42.9;03.11.2017-22:20:03
8.5;20.3;44.0;03.11.2017-22:40:03
8.4;20.3;42.9;03.11.2017-23:00:03
8.4;20.3;42.9;03.11.2017-23:20:03
8.4;20.3;42.9;03.11.2017-23:40:04
