4.9;21.5;58.0;09.02.2017-00:00:03
4.8;21.6;56.9;09.02.2017-00:20:03
4.8;21.6;56.4;09.02.2017-00:40:03
4.5;21.6;55.8;09.02.2017-01:00:03
4.2;21.6;55.3;09.02.2017-01:20:03
4.1;21.5;55.8;09.02.2017-01:40:03
3.9;21.5;56.9;09.02.2017-02:00:04
4.2;21.6;53.2;09.02.2017-02:20:03
4.2;21.6;52.1;09.02.2017-02:40:03
3.9;21.6;53.7;09.02.2017-03:00:03
3.9;21.5;52.6;09.02.2017-03:20:03
3.7;21.5;52.6;09.02.2017-03:40:03
3.9;21.6;53.7;09.02.2017-04:00:03
3.9;21.6;60.1;09.02.2017-04:20:03
4.1;21.6;56.4;09.02.2017-04:40:03
4.0;21.6;56.9;09.02.2017-05:00:03
3.6;21.5;56.4;09.02.2017-05:20:03
3.4;21.5;55.8;09.02.2017-05:40:03
3.2;21.5;56.4;09.02.2017-06:00:03
2.9;21.6;56.9;09.02.2017-06:20:03
2.6;21.5;54.2;09.02.2017-06:40:03
2.4;21.5;53.7;09.02.2017-07:00:03
2.2;21.6;53.7;09.02.2017-07:20:03
2.1;21.5;53.7;09.02.2017-07:40:03
1.9;21.6;55.3;09.02.2017-08:00:03
1.9;21.5;54.2;09.02.2017-08:20:03
2.2;21.5;62.3;09.02.2017-08:40:03
2.2;21.5;58.0;09.02.2017-09:00:03
2.8;21.5;55.8;09.02.2017-09:20:03
3.1;21.6;55.8;09.02.2017-09:40:05
3.0;21.6;57.5;09.02.2017-10:00:03
3.8;21.6;56.9;09.02.2017-10:20:03
4.1;21.6;58.0;09.02.2017-10:40:03
4.5;21.6;52.1;09.02.2017-11:00:03
4.4;21.6;52.1;09.02.2017-11:20:03
4.1;21.6;51.5;09.02.2017-11:40:03
4.4;21.6;51.5;09.02.2017-12:00:03
5.0;21.6;53.7;09.02.2017-12:20:03
6.3;21.6;52.1;09.02.2017-12:40:03
7.9;21.7;67.7;09.02.2017-13:00:03
6.9;21.6;56.4;09.02.2017-13:20:03
6.1;21.6;54.2;09.02.2017-13:40:03
5.5;21.6;55.3;09.02.2017-14:00:03
7.2;21.6;54.2;09.02.2017-14:20:03
6.5;21.6;64.5;09.02.2017-14:40:03
6.8;21.6;55.8;09.02.2017-15:00:03
6.8;21.6;50.5;09.02.2017-15:20:03
5.8;21.6;49.9;09.02.2017-15:40:03
5.6;21.6;49.4;09.02.2017-16:00:03
5.3;21.6;49.9;09.02.2017-16:20:03
4.9;21.6;49.4;09.02.2017-16:40:03
4.6;21.6;50.5;09.02.2017-17:00:03
4.4;21.6;64.5;09.02.2017-17:20:04
4.1;21.5;51.5;09.02.2017-17:40:03
4.1;21.5;51.5;09.02.2017-18:00:04
3.9;21.5;50.5;09.02.2017-18:20:03
4.1;21.8;50.5;09.02.2017-18:40:03
3.9;21.7;56.9;09.02.2017-19:00:03
3.9;21.6;54.8;09.02.2017-19:20:03
3.8;21.7;58.5;09.02.2017-19:40:03
3.8;21.7;56.9;09.02.2017-20:00:03
3.8;21.7;58.0;09.02.2017-20:20:03
3.8;21.7;54.8;09.02.2017-20:40:03
3.8;21.7;58.0;09.02.2017-21:00:03
3.9;21.6;58.5;09.02.2017-21:20:03
3.9;21.6;58.5;09.02.2017-21:40:03
3.8;21.7;58.5;09.02.2017-22:00:03
4.0;21.7;58.5;09.02.2017-22:20:03
3.9;21.7;59.1;09.02.2017-22:40:03
3.8;21.7;59.1;09.02.2017-23:00:03
3.9;21.7;56.9;09.02.2017-23:20:03
3.9;21.7;58.5;09.02.2017-23:40:03
