-1.1;21.1;51.5;29.01.2017-00:00:03
-1.3;21.1;51.5;29.01.2017-00:20:03
-1.2;21.0;51.5;29.01.2017-00:40:03
-1.4;21.1;51.5;29.01.2017-01:00:03
-1.4;21.1;51.5;29.01.2017-01:20:03
-1.6;21.1;54.8;29.01.2017-01:40:03
-1.7;21.1;53.7;29.01.2017-02:00:03
-1.8;21.1;50.5;29.01.2017-02:20:03
-1.7;21.0;50.5;29.01.2017-02:40:03
-1.6;21.1;51.5;29.01.2017-03:00:03
-1.6;21.0;52.1;29.01.2017-03:20:03
-1.6;21.0;50.5;29.01.2017-03:40:03
-1.6;21.1;50.5;29.01.2017-04:00:03
-1.6;21.1;50.5;29.01.2017-04:20:03
-1.8;21.1;51.5;29.01.2017-04:40:03
-1.9;21.0;51.0;29.01.2017-05:00:03
-1.8;21.0;51.0;29.01.2017-05:20:03
-1.8;21.0;51.5;29.01.2017-05:40:03
-1.3;21.1;51.0;29.01.2017-06:00:03
-1.2;21.0;51.5;29.01.2017-06:20:03
-0.5;21.0;51.0;29.01.2017-06:40:03
-0.1;21.1;50.5;29.01.2017-07:00:03
0.4;21.1;50.5;29.01.2017-07:20:03
0.9;21.1;49.4;29.01.2017-07:40:03
1.0;21.0;51.5;29.01.2017-08:00:03
1.5;21.2;48.3;29.01.2017-08:20:03
1.8;21.1;48.9;29.01.2017-08:40:03
2.2;21.1;48.3;29.01.2017-09:00:03
3.1;21.1;47.8;29.01.2017-09:20:03
3.8;21.1;48.3;29.01.2017-09:40:03
4.6;21.1;47.8;29.01.2017-10:00:03
5.0;21.1;48.9;29.01.2017-10:20:03
5.4;21.1;49.4;29.01.2017-10:40:03
6.1;21.1;49.4;29.01.2017-11:00:03
6.9;21.1;49.9;29.01.2017-11:20:03
7.4;21.1;48.9;29.01.2017-11:40:03
8.4;21.1;49.4;29.01.2017-12:00:03
9.2;21.1;49.4;29.01.2017-12:20:03
9.2;21.1;48.3;29.01.2017-12:40:03
9.9;21.1;47.8;29.01.2017-13:00:03
11.9;21.1;48.3;29.01.2017-13:20:03
12.4;21.1;48.3;29.01.2017-13:40:03
14.2;21.2;47.8;29.01.2017-14:00:03
15.8;21.2;48.9;29.01.2017-14:20:03
18.2;21.2;52.1;29.01.2017-14:40:03
21.6;21.2;49.4;29.01.2017-15:00:03
23.0;21.3;51.0;29.01.2017-15:20:02
19.2;21.2;49.4;29.01.2017-15:40:03
17.9;21.3;49.9;29.01.2017-16:00:03
16.9;21.4;49.4;29.01.2017-16:20:03
13.1;21.2;49.9;29.01.2017-16:40:03
11.0;21.2;51.0;29.01.2017-17:00:03
9.2;21.2;54.2;29.01.2017-17:20:03
7.6;21.2;54.8;29.01.2017-17:40:03
6.2;21.2;51.5;29.01.2017-18:00:03
5.2;21.1;51.5;29.01.2017-18:20:03
4.3;21.1;53.7;29.01.2017-18:40:03
3.7;21.1;48.9;29.01.2017-19:00:03
3.0;21.1;48.3;29.01.2017-19:20:03
2.7;21.1;47.2;29.01.2017-19:40:03
2.5;21.2;48.3;29.01.2017-20:00:03
2.2;21.2;48.3;29.01.2017-20:20:03
1.8;21.2;48.3;29.01.2017-20:40:03
1.6;21.2;60.1;29.01.2017-21:00:03
1.8;21.2;49.4;29.01.2017-21:20:03
1.7;21.1;49.4;29.01.2017-21:40:03
1.4;21.1;48.9;29.01.2017-22:00:03
1.0;21.1;47.8;29.01.2017-22:20:03
0.8;21.1;47.8;29.01.2017-22:40:03
0.8;21.1;47.8;29.01.2017-23:00:03
0.8;21.1;47.8;29.01.2017-23:20:03
0.6;21.1;46.2;29.01.2017-23:40:03
