21,7;21,8;45,1;13.11.2017-00:00:03
21,6;21,7;45,1;13.11.2017-00:20:03
21,7;21,8;44,5;13.11.2017-00:40:05
21,7;21,8;45,1;13.11.2017-01:00:04
21,6;21,7;44,5;13.11.2017-01:20:03
21,6;21,7;45,1;13.11.2017-01:40:03
21,6;21,7;45,1;13.11.2017-02:00:03
21,6;21,7;44,5;13.11.2017-02:20:04
21,6;21,7;45,1;13.11.2017-02:40:04
21,6;21,7;45,1;13.11.2017-03:00:03
21,6;21,7;44,5;13.11.2017-03:20:03
21,6;21,6;45,1;13.11.2017-03:40:03
21,6;21,7;45,1;13.11.2017-04:00:03
21,6;21,6;45,1;13.11.2017-04:20:04
21,6;21,6;44,5;13.11.2017-04:40:03
21,6;21,6;44,5;13.11.2017-05:00:03
21,6;21,6;44,5;13.11.2017-05:20:03
21,6;21,6;44,5;13.11.2017-05:40:03
21,6;21,6;44,5;13.11.2017-06:00:03
21,6;21,6;45,1;13.11.2017-06:20:03
21,6;21,6;44,5;13.11.2017-06:40:03
