9,8;20,8;44,0;11.11.2017-00:00:03
9,8;20,8;44,0;11.11.2017-00:20:03
9,9;20,8;44,5;11.11.2017-00:40:04
9,9;20,8;44,0;11.11.2017-01:00:03
9,9;20,8;44,0;11.11.2017-01:20:03
9,8;20,8;44,0;11.11.2017-01:40:04
9,3;20,7;44,0;11.11.2017-02:00:03
8,8;20,8;43,5;11.11.2017-02:20:04
8,6;20,8;44,0;11.11.2017-02:40:03
8,4;20,7;44,0;11.11.2017-03:00:03
8,2;20,7;44,0;11.11.2017-03:20:03
8,2;20,7;44,0;11.11.2017-03:40:03
8,2;20,7;44,0;11.11.2017-04:00:03
8,2;20,7;44,0;11.11.2017-04:20:03
8,0;20,7;43,5;11.11.2017-04:40:04
7,9;20,7;43,5;11.11.2017-05:00:03
7,9;20,7;43,5;11.11.2017-05:20:03
7,9;20,7;43,5;11.11.2017-05:40:04
7,9;20,7;44,0;11.11.2017-06:00:03
8,1;20,7;44,0;11.11.2017-06:20:03
7,9;20,7;44,0;11.11.2017-06:40:03
8,2;20,7;44,0;11.11.2017-07:00:03
8,2;20,6;43,5;11.11.2017-07:20:03
8,2;20,6;43,5;11.11.2017-07:40:03
8,2;20,7;44,0;11.11.2017-08:00:03
8,4;20,7;43,5;11.11.2017-08:20:03
8,6;20,8;44,0;11.11.2017-08:40:03
8,8;20,9;43,5;11.11.2017-09:00:03
21,1;20,9;42,9;11.11.2017-10:40:04
21,1;20,8;42,9;11.11.2017-11:00:03
20,1;19,9;42,9;11.11.2017-11:20:03
18,2;18,1;41,9;11.11.2017-11:40:03
18,2;18,2;41,3;11.11.2017-12:00:03
18,9;19,0;41,9;11.11.2017-12:20:03
18,6;18,7;41,9;11.11.2017-12:40:03
18,1;18,2;41,9;11.11.2017-13:00:03
17,6;17,7;40,8;11.11.2017-13:20:03
16,4;16,6;40,2;11.11.2017-13:40:03
17,3;17,4;40,2;11.11.2017-14:00:03
17,9;18,2;41,3;11.11.2017-14:20:03
18,8;18,9;41,9;11.11.2017-14:40:04
20,3;20,5;42,9;11.11.2017-15:00:03
21,0;20,6;43,5;11.11.2017-15:20:03
21,2;21,2;43,5;11.11.2017-15:40:03
21,0;20,7;43,5;11.11.2017-16:00:03
20,5;20,4;44,0;11.11.2017-16:20:04
19,4;19,1;35,4;11.11.2017-16:20:03
