-4.1;20.3;47.8;27.01.2017-00:00:03
-4.6;20.3;48.9;27.01.2017-00:20:02
-4.6;20.3;47.8;27.01.2017-00:40:03
-4.8;20.3;47.8;27.01.2017-01:00:03
-4.8;20.3;48.3;27.01.2017-01:20:03
-4.8;20.3;48.3;27.01.2017-01:40:02
-4.9;20.3;47.8;27.01.2017-02:00:02
-5.2;20.3;47.8;27.01.2017-02:20:03
-5.6;20.3;48.3;27.01.2017-02:40:03
-5.5;20.3;48.3;27.01.2017-03:00:03
-5.6;20.3;47.8;27.01.2017-03:20:03
-5.6;20.3;47.2;27.01.2017-03:40:03
-5.7;20.3;48.9;27.01.2017-04:00:03
-5.6;20.3;48.3;27.01.2017-04:20:03
-5.3;20.3;48.3;27.01.2017-04:40:03
-5.2;20.3;48.3;27.01.2017-05:00:03
-5.2;20.2;48.9;27.01.2017-05:20:03
-5.3;20.3;48.3;27.01.2017-05:40:03
-5.5;20.3;48.3;27.01.2017-06:00:03
-5.4;20.3;48.3;27.01.2017-06:20:03
-5.4;20.3;48.3;27.01.2017-06:40:03
-5.1;20.3;48.3;27.01.2017-07:00:03
-4.9;20.2;47.8;27.01.2017-07:20:03
-4.8;20.2;47.8;27.01.2017-07:40:02
-4.8;20.3;47.2;27.01.2017-08:00:03
-4.6;20.3;48.9;27.01.2017-08:20:03
-4.4;20.3;48.9;27.01.2017-08:40:03
-4.1;20.3;48.3;27.01.2017-09:00:03
-3.4;20.3;48.3;27.01.2017-09:20:03
-2.6;20.2;48.3;27.01.2017-09:40:03
-1.9;20.3;48.3;27.01.2017-10:00:03
-1.1;20.3;55.3;27.01.2017-10:20:03
-0.3;20.3;49.4;27.01.2017-10:40:03
0.6;20.4;48.3;27.01.2017-11:00:03
1.4;20.4;49.4;27.01.2017-11:20:03
2.3;20.4;48.9;27.01.2017-11:40:02
3.1;20.4;48.3;27.01.2017-12:00:02
3.2;20.4;48.9;27.01.2017-12:20:03
3.9;20.4;49.4;27.01.2017-12:40:03
4.6;20.4;49.4;27.01.2017-13:00:03
5.0;20.4;53.7;27.01.2017-13:20:03
6.1;20.4;52.6;27.01.2017-13:40:03
6.9;20.4;52.6;27.01.2017-14:00:03
7.1;20.4;52.6;27.01.2017-14:20:03
8.5;20.4;52.1;27.01.2017-14:40:03
8.7;20.5;48.3;27.01.2017-15:00:03
9.6;20.5;48.3;27.01.2017-15:20:03
10.3;20.4;47.8;27.01.2017-15:40:03
10.6;20.5;48.3;27.01.2017-16:00:03
9.3;20.5;48.3;27.01.2017-16:20:03
7.3;20.6;47.8;27.01.2017-16:40:03
5.9;20.6;51.5;27.01.2017-17:00:03
4.5;20.6;49.9;27.01.2017-17:20:03
3.3;20.6;50.5;27.01.2017-17:40:03
2.4;20.6;49.4;27.01.2017-18:00:03
1.6;20.7;49.4;27.01.2017-18:20:03
1.0;20.7;49.9;27.01.2017-18:40:03
0.6;20.7;51.5;27.01.2017-19:00:03
0.3;20.7;50.5;27.01.2017-19:20:03
-0.1;20.7;49.4;27.01.2017-19:40:03
-0.4;20.7;49.9;27.01.2017-20:00:03
-0.6;20.7;49.4;27.01.2017-20:20:03
-0.8;20.7;49.4;27.01.2017-20:40:03
-0.6;20.7;45.6;27.01.2017-21:00:03
-0.4;20.7;47.8;27.01.2017-21:20:03
-0.4;20.7;46.2;27.01.2017-21:40:03
-0.4;20.7;46.2;27.01.2017-22:00:03
-0.2;20.7;46.2;27.01.2017-22:20:03
-0.1;20.7;46.2;27.01.2017-22:40:03
-0.1;20.7;46.2;27.01.2017-23:00:03
-0.2;20.7;46.2;27.01.2017-23:20:03
-0.1;20.7;48.3;27.01.2017-23:40:03
