2.9;20.7;45.6;11.01.2017-00:00:03
2.8;20.7;46.2;11.01.2017-00:20:03
2.8;20.7;45.6;11.01.2017-00:40:03
2.7;20.7;46.7;11.01.2017-01:00:03
2.8;20.7;46.2;11.01.2017-01:20:03
2.8;20.7;46.2;11.01.2017-01:40:03
2.8;20.7;46.2;11.01.2017-02:00:03
2.8;20.7;45.6;11.01.2017-02:20:03
2.8;20.7;46.2;11.01.2017-02:40:03
2.8;20.7;46.2;11.01.2017-03:00:03
2.8;20.7;46.2;11.01.2017-03:20:03
2.8;20.7;46.2;11.01.2017-03:40:03
2.6;20.7;46.2;11.01.2017-04:00:03
2.5;20.7;46.2;11.01.2017-04:20:03
2.2;20.7;46.2;11.01.2017-04:40:03
2.4;20.7;46.2;11.01.2017-05:00:03
2.5;20.7;46.2;11.01.2017-05:20:03
2.5;20.7;46.2;11.01.2017-05:40:03
2.5;20.7;47.2;11.01.2017-06:00:03
2.6;20.7;46.2;11.01.2017-06:20:03
2.5;20.7;46.7;11.01.2017-06:40:03
2.6;20.7;46.2;11.01.2017-07:00:03
2.6;20.8;46.2;11.01.2017-07:20:03
2.1;20.8;46.7;11.01.2017-07:40:03
2.1;20.8;46.2;11.01.2017-08:00:03
2.1;20.8;47.8;11.01.2017-08:20:03
2.1;20.8;47.2;11.01.2017-08:40:03
2.1;20.8;47.2;11.01.2017-09:00:03
2.8;20.8;46.2;11.01.2017-09:20:03
2.9;20.8;46.2;11.01.2017-09:40:03
3.2;20.8;46.2;11.01.2017-10:00:03
3.6;20.8;46.2;11.01.2017-10:20:03
4.1;20.8;52.1;11.01.2017-10:40:03
4.3;20.8;46.2;11.01.2017-11:00:03
4.8;20.8;47.8;11.01.2017-11:20:03
5.4;20.8;47.8;11.01.2017-11:40:03
5.9;20.9;47.8;11.01.2017-12:00:03
6.3;20.9;47.8;11.01.2017-12:20:03
6.6;20.8;47.8;11.01.2017-12:40:03
6.8;20.8;47.8;11.01.2017-13:00:02
6.9;20.9;47.2;11.01.2017-13:20:03
7.3;20.9;47.2;11.01.2017-13:40:03
7.1;20.9;47.2;11.01.2017-14:00:03
7.1;20.9;47.8;11.01.2017-14:20:03
6.9;20.9;47.8;11.01.2017-14:40:03
6.6;20.8;47.8;11.01.2017-15:00:03
6.7;20.8;47.2;11.01.2017-15:20:03
6.6;20.8;47.8;11.01.2017-15:40:03
6.5;20.8;47.2;11.01.2017-16:00:03
6.6;20.8;48.3;11.01.2017-16:20:03
6.7;20.8;48.3;11.01.2017-16:40:03
6.6;20.8;47.2;11.01.2017-17:00:03
5.9;20.8;47.8;11.01.2017-17:20:03
5.6;20.8;47.2;11.01.2017-17:40:03
6.2;20.8;47.8;11.01.2017-18:00:03
6.4;20.8;47.2;11.01.2017-18:20:03
6.5;20.8;47.2;11.01.2017-18:40:03
7.1;20.8;47.8;11.01.2017-19:00:03
7.6;20.8;47.2;11.01.2017-19:20:03
7.8;20.8;48.3;11.01.2017-19:40:03
7.9;20.8;47.8;11.01.2017-20:00:03
7.9;20.9;47.8;11.01.2017-20:20:03
7.6;20.9;47.8;11.01.2017-20:40:03
7.2;20.9;51.5;11.01.2017-21:00:03
6.6;20.9;47.2;11.01.2017-21:20:03
6.4;20.8;47.8;11.01.2017-21:40:03
5.8;20.9;47.2;11.01.2017-22:00:03
5.8;20.9;48.3;11.01.2017-22:20:04
6.7;20.9;47.8;11.01.2017-22:40:03
7.1;20.9;48.3;11.01.2017-23:00:03
7.4;20.9;47.2;11.01.2017-23:20:03
7.5;20.9;47.8;11.01.2017-23:40:03
