6.0;20.2;43.5;02.11.2017-00:00:03
5.8;20.2;43.5;02.11.2017-00:20:03
5.6;20.2;43.5;02.11.2017-00:40:03
5.6;20.2;42.9;02.11.2017-01:00:03
5.7;20.2;42.9;02.11.2017-01:20:03
5.7;20.2;42.9;02.11.2017-01:40:03
5.8;20.2;42.9;02.11.2017-02:00:03
5.7;20.2;43.5;02.11.2017-02:20:03
5.8;20.2;43.5;02.11.2017-02:40:03
5.6;20.2;42.9;02.11.2017-03:00:03
5.4;20.2;42.9;02.11.2017-03:20:04
5.6;20.2;43.5;02.11.2017-03:40:03
5.5;20.2;43.5;02.11.2017-04:00:03
5.4;20.1;42.9;02.11.2017-04:20:04
5.4;20.1;43.5;02.11.2017-04:40:03
5.4;20.1;42.9;02.11.2017-05:00:03
5.6;20.1;43.5;02.11.2017-05:20:03
5.8;20.1;42.9;02.11.2017-05:40:03
5.8;20.1;42.9;02.11.2017-06:00:03
5.8;20.2;43.5;02.11.2017-06:20:03
5.8;20.1;42.9;02.11.2017-06:40:03
5.8;19.9;42.9;02.11.2017-07:00:03
5.6;19.8;42.4;02.11.2017-07:20:03
5.6;19.9;42.9;02.11.2017-07:40:03
5.8;19.9;45.1;02.11.2017-08:00:03
6.2;19.9;41.9;02.11.2017-08:20:03
6.9;19.9;41.9;02.11.2017-08:40:03
7.5;20.0;41.9;02.11.2017-09:00:03
8.3;19.9;41.3;02.11.2017-09:20:03
8.9;20.0;41.3;02.11.2017-09:40:03
9.6;20.0;41.9;02.11.2017-10:00:03
10.6;20.0;41.9;02.11.2017-10:20:03
11.4;20.0;41.9;02.11.2017-10:40:03
12.5;20.0;41.9;02.11.2017-11:00:03
13.8;20.0;41.9;02.11.2017-11:20:03
14.4;20.1;41.9;02.11.2017-11:40:03
16.1;20.1;41.3;02.11.2017-12:00:03
17.3;20.1;41.3;02.11.2017-12:20:04
17.7;20.1;41.9;02.11.2017-12:40:03
18.8;20.1;41.3;02.11.2017-13:00:03
19.6;20.1;41.3;02.11.2017-13:20:03
19.6;20.1;41.3;02.11.2017-13:40:04
19.3;20.2;41.9;02.11.2017-14:00:03
18.8;20.2;41.9;02.11.2017-14:20:03
18.8;20.2;42.4;02.11.2017-14:40:03
18.4;20.2;41.9;02.11.2017-15:00:03
18.1;20.2;42.4;02.11.2017-15:20:03
17.2;20.2;41.9;02.11.2017-15:40:03
16.8;20.2;41.9;02.11.2017-16:00:03
16.4;20.2;42.4;02.11.2017-16:20:04
15.9;20.2;42.9;02.11.2017-16:40:03
15.2;20.2;43.5;02.11.2017-17:00:03
14.9;20.2;42.9;02.11.2017-17:20:04
14.7;20.2;42.9;02.11.2017-17:40:03
14.2;20.2;43.5;02.11.2017-18:00:03
13.6;20.2;42.9;02.11.2017-18:20:03
13.3;20.2;43.5;02.11.2017-18:40:03
13.1;20.2;42.9;02.11.2017-19:00:04
12.9;20.2;43.5;02.11.2017-19:20:04
12.8;20.2;42.9;02.11.2017-19:40:03
12.8;20.2;42.9;02.11.2017-20:00:03
12.6;20.2;45.1;02.11.2017-20:20:03
12.4;20.2;42.9;02.11.2017-20:40:03
12.4;20.2;42.9;02.11.2017-21:00:03
12.2;20.2;43.5;02.11.2017-21:20:03
12.2;20.2;42.9;02.11.2017-21:40:04
12.2;20.2;42.9;02.11.2017-22:00:03
12.1;20.2;42.9;02.11.2017-22:20:03
11.9;20.2;42.9;02.11.2017-22:40:03
11.7;20.2;42.4;02.11.2017-23:00:03
11.8;20.1;42.9;02.11.2017-23:20:03
11.8;20.2;42.9;02.11.2017-23:40:03
