7.1;21.7;48.3;04.02.2017-00:00:03
6.2;21.7;47.8;04.02.2017-00:20:03
5.6;21.6;48.3;04.02.2017-00:40:03
5.1;21.6;48.3;04.02.2017-01:00:03
5.6;21.6;48.3;04.02.2017-01:20:03
5.4;21.7;48.3;04.02.2017-01:40:03
5.3;21.6;47.8;04.02.2017-02:00:03
5.1;21.6;48.3;04.02.2017-02:20:03
4.4;21.6;47.8;04.02.2017-02:40:03
4.2;21.6;48.3;04.02.2017-03:00:03
3.9;21.6;48.3;04.02.2017-03:20:03
3.8;21.6;48.3;04.02.2017-03:40:03
3.4;21.6;48.3;04.02.2017-04:00:03
3.2;21.6;48.3;04.02.2017-04:20:03
3.3;21.6;48.3;04.02.2017-04:40:03
3.6;21.6;48.3;04.02.2017-05:00:03
3.8;21.6;48.9;04.02.2017-05:20:03
4.0;21.6;48.3;04.02.2017-05:40:03
4.2;21.6;48.3;04.02.2017-06:00:03
4.1;21.6;48.9;04.02.2017-06:20:02
4.4;21.6;48.3;04.02.2017-06:40:03
4.3;21.6;48.3;04.02.2017-07:00:03
4.2;21.8;52.1;04.02.2017-07:20:03
4.6;21.1;50.5;04.02.2017-07:40:03
5.1;21.4;51.5;04.02.2017-08:00:03
5.9;21.5;51.0;04.02.2017-08:20:02
6.6;21.5;51.0;04.02.2017-08:40:03
7.1;21.6;51.5;04.02.2017-09:00:03
7.2;21.5;49.4;04.02.2017-09:20:03
7.3;21.5;49.9;04.02.2017-09:40:03
7.5;21.5;50.5;04.02.2017-10:00:03
7.6;21.5;49.9;04.02.2017-10:20:03
7.5;21.6;49.9;04.02.2017-10:40:03
7.8;21.6;50.5;04.02.2017-11:00:03
7.9;21.6;51.0;04.02.2017-11:20:03
8.2;21.6;52.6;04.02.2017-11:40:02
9.1;21.6;54.2;04.02.2017-12:00:03
10.1;21.6;53.7;04.02.2017-12:20:03
11.8;21.6;53.2;04.02.2017-12:40:03
12.1;21.6;55.3;04.02.2017-13:00:03
11.2;21.6;52.1;04.02.2017-13:20:03
10.7;21.6;53.2;04.02.2017-13:40:03
10.0;21.6;52.1;04.02.2017-14:00:03
9.8;21.7;52.6;04.02.2017-14:20:03
9.5;21.6;52.6;04.02.2017-14:40:03
10.4;21.7;52.6;04.02.2017-15:00:03
10.4;21.7;51.5;04.02.2017-15:20:03
10.5;21.8;52.1;04.02.2017-15:40:03
9.0;21.8;53.7;04.02.2017-16:00:03
8.4;21.7;48.3;04.02.2017-16:20:03
8.4;21.7;48.3;04.02.2017-16:40:03
7.3;21.7;48.3;04.02.2017-17:00:03
7.9;21.8;47.8;04.02.2017-17:20:03
8.0;21.8;48.3;04.02.2017-17:40:02
7.9;22.1;48.3;04.02.2017-18:00:02
8.0;21.9;48.3;04.02.2017-18:20:03
8.2;21.9;55.8;04.02.2017-18:40:03
8.4;21.9;52.6;04.02.2017-19:00:04
8.4;21.8;53.7;04.02.2017-19:20:03
8.3;21.8;53.7;04.02.2017-19:40:03
8.3;21.8;53.7;04.02.2017-20:00:03
8.4;21.9;54.2;04.02.2017-20:20:03
8.6;21.9;53.7;04.02.2017-20:40:03
8.7;21.9;53.7;04.02.2017-21:00:03
8.6;21.9;53.7;04.02.2017-21:20:03
8.4;21.9;53.7;04.02.2017-21:40:03
8.1;21.9;53.7;04.02.2017-22:00:03
7.8;21.9;52.6;04.02.2017-22:20:03
7.6;21.9;49.9;04.02.2017-22:40:03
7.3;21.9;47.8;04.02.2017-23:00:03
6.9;21.9;47.8;04.02.2017-23:20:03
6.5;21.9;47.8;04.02.2017-23:40:03
