5.7;21.4;47.2;02.02.2017-00:00:03
5.5;21.4;48.3;02.02.2017-00:20:03
5.4;21.4;47.8;02.02.2017-00:40:03
5.6;21.4;47.8;02.02.2017-01:00:03
5.3;21.4;49.9;02.02.2017-01:20:03
5.4;21.4;49.4;02.02.2017-01:40:03
5.5;21.4;49.4;02.02.2017-02:00:03
5.5;21.4;49.4;02.02.2017-02:20:03
5.2;21.4;48.9;02.02.2017-02:40:03
4.7;21.4;49.4;02.02.2017-03:00:03
4.6;21.4;49.4;02.02.2017-03:20:03
4.4;21.4;49.4;02.02.2017-03:40:03
4.3;21.4;49.4;02.02.2017-04:00:03
3.9;21.4;49.4;02.02.2017-04:20:03
3.7;21.4;49.4;02.02.2017-04:40:03
3.6;21.4;49.4;02.02.2017-05:00:03
3.6;21.4;48.9;02.02.2017-05:20:03
3.4;21.4;54.2;02.02.2017-05:40:03
3.2;21.4;52.1;02.02.2017-06:00:03
3.2;21.4;52.6;02.02.2017-06:20:03
3.2;21.5;52.6;02.02.2017-06:40:03
2.9;21.4;52.1;02.02.2017-07:00:03
2.7;21.4;53.7;02.02.2017-07:20:03
2.6;21.4;53.7;02.02.2017-07:40:03
2.7;21.4;52.1;02.02.2017-08:00:03
2.9;21.4;53.2;02.02.2017-08:20:03
3.0;21.4;53.7;02.02.2017-08:40:03
3.6;21.4;55.8;02.02.2017-09:00:03
3.9;21.4;53.7;02.02.2017-09:20:03
4.6;21.4;52.1;02.02.2017-09:40:03
4.6;21.5;53.2;02.02.2017-10:00:03
5.4;21.5;53.2;02.02.2017-10:20:03
6.1;21.5;53.2;02.02.2017-10:40:03
6.9;21.5;53.7;02.02.2017-11:00:03
7.4;21.6;52.6;02.02.2017-11:20:03
8.6;21.6;53.2;02.02.2017-11:40:03
9.8;21.6;53.2;02.02.2017-12:00:03
9.9;21.5;51.5;02.02.2017-12:20:03
10.4;21.6;51.5;02.02.2017-12:40:03
11.3;21.6;51.5;02.02.2017-13:00:03
13.2;21.6;50.5;02.02.2017-13:20:03
15.2;21.6;51.5;02.02.2017-13:40:03
17.2;21.6;51.5;02.02.2017-14:00:03
18.7;21.7;47.8;02.02.2017-14:20:03
19.8;21.7;47.2;02.02.2017-14:40:03
25.1;22.1;47.2;02.02.2017-15:00:03
26.7;22.2;50.5;02.02.2017-15:20:04
23.7;22.3;49.4;02.02.2017-15:40:03
21.4;22.3;48.3;02.02.2017-16:00:03
17.3;22.0;48.3;02.02.2017-16:20:03
14.9;21.9;47.2;02.02.2017-16:40:03
13.5;21.8;47.2;02.02.2017-17:00:03
12.1;21.8;46.7;02.02.2017-17:20:03
10.8;21.7;46.7;02.02.2017-17:40:03
9.7;21.7;46.2;02.02.2017-18:00:03
8.9;21.6;47.2;02.02.2017-18:20:03
8.5;21.7;47.8;02.02.2017-18:40:03
8.7;21.7;47.2;02.02.2017-19:00:03
8.8;21.6;48.3;02.02.2017-19:20:03
8.7;21.6;47.8;02.02.2017-19:40:03
8.6;21.6;47.8;02.02.2017-20:00:03
8.6;21.6;47.2;02.02.2017-20:20:03
8.6;21.6;48.9;02.02.2017-20:40:03
8.5;21.6;47.8;02.02.2017-21:00:03
8.6;21.6;48.3;02.02.2017-21:20:03
8.7;21.6;48.3;02.02.2017-21:40:03
8.6;21.6;48.3;02.02.2017-22:00:03
8.5;21.6;48.3;02.02.2017-22:20:02
8.4;21.6;48.3;02.02.2017-22:40:03
8.1;21.6;49.4;02.02.2017-23:00:03
7.9;21.6;49.4;02.02.2017-23:20:03
7.8;21.6;54.8;02.02.2017-23:40:03
