21.3;21.8;47.2;28.10.2017-18:00:03
21.3;22.2;56.4;28.10.2017-18:20:03
21.4;22.4;51.5;28.10.2017-18:40:08
21.4;22.3;52.6;28.10.2017-19:00:04
21.4;22.4;50.5;28.10.2017-19:20:05
21.4;22.3;48.3;28.10.2017-19:40:03
21.4;22.3;48.3;28.10.2017-20:00:03
21.4;22.2;48.3;28.10.2017-20:20:03
21.3;22.2;47.8;28.10.2017-20:40:03
21.4;22.3;47.2;28.10.2017-21:00:05
21.4;22.4;50.5;28.10.2017-21:20:03
21.4;22.3;49.4;28.10.2017-21:40:03
21.4;22.3;52.1;28.10.2017-22:00:12
21.4;22.3;49.9;28.10.2017-22:20:03
21.8;22.0;40.8;28.10.2017-22:40:03
21.1;21.8;43.5;28.10.2017-23:00:04
21.0;21.7;44.0;28.10.2017-23:20:03
20.9;21.7;43.5;28.10.2017-23:40:03
