17.5;19.1;44.5;01.01.2017-00:00:03
18.5;20.1;44.5;01.01.2017-00:15:03
19.0;20.8;45.1;01.01.2017-00:30:03
21.1;22.2;46.2;01.01.2017-00:45:03
21.1;22.6;46.2;01.01.2017-01:00:03
20.1;21.4;46.2;01.01.2017-01:15:03
19.4;20.6;45.1;01.01.2017-01:30:03
18.6;19.8;44.0;01.01.2017-01:45:03
17.8;18.8;42.9;01.01.2017-02:00:03
17.2;18.1;41.9;01.01.2017-02:15:03
16.7;17.6;42.9;01.01.2017-02:30:03
16.2;17.1;41.9;01.01.2017-02:45:03
15.9;16.8;41.3;01.01.2017-03:00:03
15.5;16.4;40.8;01.01.2017-03:15:03
15.2;16.0;41.3;01.01.2017-03:30:03
14.8;15.7;41.9;01.01.2017-03:45:03
14.6;15.4;41.3;01.01.2017-04:00:03
14.2;15.1;40.8;01.01.2017-04:15:03
14.0;14.9;40.2;01.01.2017-04:30:03
13.8;14.7;40.8;01.01.2017-04:45:03
13.6;14.5;40.8;01.01.2017-05:00:03
13.4;14.3;40.8;01.01.2017-05:15:03
13.2;14.1;41.9;01.01.2017-05:30:03
13.1;13.9;40.8;01.01.2017-05:45:03
12.9;13.8;40.8;01.01.2017-06:00:03
12.8;13.7;41.3;01.01.2017-06:15:03
13.2;14.2;41.3;01.01.2017-06:30:03
14.2;15.2;42.9;01.01.2017-06:45:03
15.5;16.6;44.0;01.01.2017-07:00:03
16.3;17.8;45.1;01.01.2017-07:15:03
15.4;18.4;45.6;01.01.2017-07:30:03
16.2;19.3;46.2;01.01.2017-07:45:03
15.3;16.6;46.2;01.01.2017-08:00:03
17.2;19.6;47.2;01.01.2017-08:15:03
19.2;21.5;46.2;01.01.2017-08:30:03
19.9;22.0;46.2;01.01.2017-08:45:03
18.6;20.7;45.1;01.01.2017-09:00:03
18.3;20.2;44.0;01.01.2017-09:15:03
17.8;19.2;44.0;01.01.2017-09:30:03
17.9;19.1;42.9;01.01.2017-09:45:03
18.4;19.3;43.5;01.01.2017-10:00:03
18.9;19.9;44.0;01.01.2017-10:15:03
19.6;20.8;45.1;01.01.2017-10:30:03
20.2;21.6;45.1;01.01.2017-10:45:03
18.5;20.8;45.1;01.01.2017-11:00:03
19.6;21.2;45.1;01.01.2017-11:15:03
19.9;21.5;45.1;01.01.2017-11:30:03
21.2;22.2;46.2;01.01.2017-11:45:03
20.9;21.7;45.1;01.01.2017-12:00:03
19.9;20.9;44.5;01.01.2017-12:15:03
19.4;20.5;44.0;01.01.2017-12:30:03
18.8;19.9;43.5;01.01.2017-12:45:03
17.9;18.8;42.9;01.01.2017-13:00:03
17.7;18.8;42.9;01.01.2017-13:15:03
18.4;19.3;42.9;01.01.2017-13:30:03
16.8;21.8;37.6;01.01.2017-15:30:03
12.2;21.3;42.9;01.01.2017-15:45:03
9.8;21.6;44.0;01.01.2017-16:00:03
6.8;21.8;45.1;01.01.2017-16:20:03
4.4;21.3;44.0;01.01.2017-16:40:03
2.9;20.9;42.9;01.01.2017-17:00:03
1.6;20.8;42.9;01.01.2017-17:20:03
0.8;20.7;43.5;01.01.2017-17:40:03
0.2;20.6;43.5;01.01.2017-18:00:03
0.0;20.6;42.9;01.01.2017-18:20:03
-0.2;20.6;42.9;01.01.2017-18:40:03
-0.3;20.6;43.5;01.01.2017-19:00:03
-0.6;20.5;43.5;01.01.2017-19:20:03
-1.1;20.5;42.9;01.01.2017-19:40:03
-1.4;20.5;43.5;01.01.2017-20:00:03
-1.6;20.4;43.5;01.01.2017-20:20:03
-1.7;20.4;43.5;01.01.2017-20:40:03
-1.9;20.4;42.9;01.01.2017-21:00:03
-2.2;20.4;43.5;01.01.2017-21:20:03
-2.4;20.4;43.5;01.01.2017-21:40:03
-2.4;20.4;42.9;01.01.2017-22:00:03
-2.2;20.4;43.5;01.01.2017-22:20:03
-1.6;20.4;43.5;01.01.2017-22:40:03
-1.1;20.4;42.9;01.01.2017-23:00:03
-0.7;20.4;42.9;01.01.2017-23:20:03
-0.4;20.4;42.9;01.01.2017-23:40:03
