-6.1;20.3;45.1;07.01.2017-00:00:03
-6.2;20.3;45.6;07.01.2017-00:20:03
-6.6;20.3;45.6;07.01.2017-00:40:03
-6.8;20.3;46.2;07.01.2017-01:00:03
-6.9;20.3;45.1;07.01.2017-01:20:03
-7.1;20.3;45.6;07.01.2017-01:40:03
-7.1;20.3;45.1;07.01.2017-02:00:03
-7.6;20.3;44.5;07.01.2017-02:20:03
-7.4;20.2;45.1;07.01.2017-02:40:03
-7.8;20.2;45.1;07.01.2017-03:00:03
-7.6;20.2;45.6;07.01.2017-03:20:03
-7.7;20.2;44.5;07.01.2017-03:40:03
-7.7;20.2;45.1;07.01.2017-04:00:03
-7.9;20.2;45.1;07.01.2017-04:20:03
-8.1;20.2;46.2;07.01.2017-04:40:03
-8.2;20.2;45.1;07.01.2017-05:00:03
-8.1;20.2;45.6;07.01.2017-05:20:03
-8.2;20.2;45.1;07.01.2017-05:40:03
-8.4;20.2;45.1;07.01.2017-06:00:03
-8.3;20.2;45.1;07.01.2017-06:20:03
-8.3;20.2;44.0;07.01.2017-06:40:03
-8.1;20.2;45.1;07.01.2017-07:00:03
-7.7;20.3;45.1;07.01.2017-07:20:03
-7.8;20.3;45.1;07.01.2017-07:40:03
-7.9;20.3;45.1;07.01.2017-08:00:03
-8.2;12.9;38.6;07.01.2017-08:20:03
-7.4;18.2;42.4;07.01.2017-08:40:03
-6.9;19.1;42.9;07.01.2017-09:00:03
-6.4;19.4;43.5;07.01.2017-09:20:03
-5.6;19.7;45.6;07.01.2017-09:40:03
-4.6;19.8;45.1;07.01.2017-10:00:03
-3.8;19.9;44.0;07.01.2017-10:20:03
-3.5;19.9;44.5;07.01.2017-10:40:03
-2.8;20.0;43.5;07.01.2017-11:00:03
-1.8;20.1;42.9;07.01.2017-11:20:03
-1.2;20.1;44.0;07.01.2017-11:40:03
-0.6;20.1;43.5;07.01.2017-12:00:03
0.0;20.1;43.5;07.01.2017-12:20:03
0.6;20.1;44.0;07.01.2017-12:40:03
0.8;20.1;44.0;07.01.2017-13:00:03
1.0;20.2;44.0;07.01.2017-13:20:03
1.1;20.2;43.5;07.01.2017-13:40:03
0.6;20.2;42.9;07.01.2017-14:00:03
1.3;20.2;44.0;07.01.2017-14:20:03
1.9;20.2;44.5;07.01.2017-14:40:03
1.4;20.2;43.5;07.01.2017-15:00:03
1.2;20.2;44.0;07.01.2017-15:20:03
1.2;20.2;44.0;07.01.2017-15:40:03
0.9;20.2;44.0;07.01.2017-16:00:03
0.4;20.2;44.5;07.01.2017-16:20:03
0.3;20.2;44.0;07.01.2017-16:40:03
0.0;20.2;44.0;07.01.2017-17:00:03
-0.3;20.2;44.0;07.01.2017-17:20:03
-0.2;20.2;48.3;07.01.2017-17:40:03
-0.4;20.2;44.0;07.01.2017-18:00:03
-0.5;20.2;44.0;07.01.2017-18:20:03
-0.7;20.2;43.5;07.01.2017-18:40:02
-0.9;20.2;43.5;07.01.2017-19:00:02
-0.9;20.2;44.0;07.01.2017-19:20:03
-0.7;20.2;44.0;07.01.2017-19:40:03
-0.6;20.2;44.0;07.01.2017-20:00:03
-0.8;20.2;44.5;07.01.2017-20:20:03
-0.5;20.2;44.5;07.01.2017-20:40:03
-0.5;20.2;44.5;07.01.2017-21:00:03
-0.6;20.2;45.1;07.01.2017-21:20:03
-0.6;20.2;45.1;07.01.2017-21:40:03
-0.6;20.2;44.0;07.01.2017-22:00:03
-0.5;20.2;44.0;07.01.2017-22:20:03
-0.6;20.2;44.5;07.01.2017-22:40:03
-0.7;20.2;44.0;07.01.2017-23:00:03
-0.6;20.2;44.5;07.01.2017-23:20:03
-0.7;20.2;44.0;07.01.2017-23:40:03
