5.2;21.8;49.4;06.02.2017-00:00:03
5.3;21.8;48.9;06.02.2017-00:20:03
5.2;21.8;53.7;06.02.2017-00:40:02
5.1;21.8;53.7;06.02.2017-01:00:02
5.1;21.8;54.8;06.02.2017-01:20:03
5.1;21.8;53.7;06.02.2017-01:40:03
5.0;21.8;53.7;06.02.2017-02:00:03
5.0;21.8;53.2;06.02.2017-02:20:03
5.1;21.8;58.0;06.02.2017-02:40:03
5.1;21.8;55.8;06.02.2017-03:00:03
4.9;21.8;55.8;06.02.2017-03:20:03
5.1;21.8;55.8;06.02.2017-03:40:03
5.2;21.8;55.8;06.02.2017-04:00:03
5.2;21.8;53.7;06.02.2017-04:20:03
5.4;21.8;49.4;06.02.2017-04:40:03
5.6;21.7;49.4;06.02.2017-05:00:03
5.6;21.8;48.3;06.02.2017-05:20:03
5.7;21.7;47.8;06.02.2017-05:40:03
5.7;21.7;48.9;06.02.2017-06:00:03
5.7;21.7;49.4;06.02.2017-06:20:03
5.8;21.7;48.9;06.02.2017-06:40:03
5.8;21.7;49.4;06.02.2017-07:00:03
5.7;21.7;48.9;06.02.2017-07:20:03
5.7;21.7;49.4;06.02.2017-07:40:03
5.7;21.7;49.4;06.02.2017-08:00:03
5.8;21.7;48.9;06.02.2017-08:20:03
5.8;21.7;48.9;06.02.2017-08:40:03
5.2;21.7;49.4;06.02.2017-09:00:03
5.6;21.7;49.9;06.02.2017-09:20:03
6.2;21.7;49.4;06.02.2017-09:40:03
6.8;21.7;50.5;06.02.2017-10:00:03
6.9;21.7;49.4;06.02.2017-10:20:03
7.4;21.7;49.4;06.02.2017-10:40:03
7.8;21.7;50.5;06.02.2017-11:00:03
8.1;21.7;59.1;06.02.2017-11:20:02
8.7;21.7;52.1;06.02.2017-11:40:03
9.1;21.7;51.0;06.02.2017-12:00:03
9.3;21.7;52.1;06.02.2017-12:20:03
9.3;21.7;58.5;06.02.2017-12:40:03
9.8;21.7;51.0;06.02.2017-13:00:03
10.2;21.7;51.5;06.02.2017-13:20:03
10.5;21.8;53.2;06.02.2017-13:40:03
10.4;21.7;52.6;06.02.2017-14:00:03
11.4;21.8;52.1;06.02.2017-14:20:03
10.9;21.7;52.6;06.02.2017-14:40:03
13.8;21.7;55.8;06.02.2017-15:00:03
11.8;21.8;58.0;06.02.2017-15:20:03
14.4;21.8;56.9;06.02.2017-15:40:03
11.1;21.8;55.8;06.02.2017-16:00:03
9.9;21.8;52.1;06.02.2017-16:20:03
9.6;21.8;51.5;06.02.2017-16:40:03
8.9;21.8;51.5;06.02.2017-17:00:03
8.4;21.8;51.0;06.02.2017-17:20:03
8.0;21.8;52.1;06.02.2017-17:40:03
7.9;21.8;55.8;06.02.2017-18:00:03
7.7;21.8;55.8;06.02.2017-18:20:03
7.6;21.8;55.8;06.02.2017-18:40:03
7.3;21.8;56.4;06.02.2017-19:00:03
7.0;21.8;56.9;06.02.2017-19:20:03
6.6;21.8;55.8;06.02.2017-19:40:03
6.6;21.8;58.0;06.02.2017-20:00:03
6.6;21.8;53.2;06.02.2017-20:20:03
6.1;21.8;52.6;06.02.2017-20:40:03
6.1;21.8;53.7;06.02.2017-21:00:03
6.3;21.8;52.1;06.02.2017-21:20:03
6.2;21.8;53.2;06.02.2017-21:40:03
6.2;21.8;53.2;06.02.2017-22:00:03
6.4;21.8;48.3;06.02.2017-22:20:03
6.4;21.8;47.8;06.02.2017-22:40:03
6.4;21.7;47.2;06.02.2017-23:00:03
6.6;21.7;48.3;06.02.2017-23:20:03
6.6;21.7;48.3;06.02.2017-23:40:03
