21.0;21.0;43.5;30.10.2017-00:00:03
21.0;21.0;44.0;30.10.2017-00:20:03
20.9;20.9;43.5;30.10.2017-00:40:03
20.9;20.9;43.5;30.10.2017-01:00:03
20.9;20.9;42.9;30.10.2017-01:20:03
20.9;20.9;43.5;30.10.2017-01:40:03
20.9;20.9;42.9;30.10.2017-02:00:03
20.9;20.9;43.5;30.10.2017-02:20:03
20.9;20.9;42.9;30.10.2017-02:40:03
20.8;20.8;43.5;30.10.2017-03:00:03
20.8;20.8;43.5;30.10.2017-03:20:03
20.8;20.8;43.5;30.10.2017-03:40:04
20.8;20.8;42.9;30.10.2017-04:00:03
20.8;20.8;42.9;30.10.2017-04:20:03
20.8;20.8;43.5;30.10.2017-04:40:03
20.8;20.8;42.9;30.10.2017-05:00:03
20.8;20.8;42.9;30.10.2017-05:20:03
20.8;20.8;42.9;30.10.2017-05:40:03
20.8;20.7;43.5;30.10.2017-06:00:03
20.7;20.8;43.5;30.10.2017-06:20:03
20.7;20.7;43.5;30.10.2017-06:40:03
9.2;20.8;42.9;30.10.2017-07:00:03
4.4;20.6;42.9;30.10.2017-07:20:04
4.9;20.8;43.5;30.10.2017-07:40:03
5.8;19.9;43.5;30.10.2017-08:00:03
6.2;20.3;41.9;30.10.2017-08:20:03
6.6;20.4;41.9;30.10.2017-08:40:04
7.1;20.4;41.9;30.10.2017-09:00:03
7.6;20.4;41.9;30.10.2017-09:20:03
8.1;20.4;42.4;30.10.2017-09:40:03
8.9;20.4;41.9;30.10.2017-10:00:03
9.6;20.4;42.4;30.10.2017-10:20:03
9.7;20.5;41.9;30.10.2017-10:40:03
10.2;20.5;41.9;30.10.2017-11:00:03
9.4;20.4;41.9;30.10.2017-11:20:04
10.1;20.5;42.4;30.10.2017-11:40:03
9.6;20.4;42.4;30.10.2017-12:00:03
10.5;20.5;42.4;30.10.2017-12:20:03
11.1;20.5;41.9;30.10.2017-12:40:04
13.1;20.6;42.4;30.10.2017-13:00:03
13.7;20.6;42.9;30.10.2017-13:20:03
15.5;20.6;42.4;30.10.2017-13:40:03
14.6;20.5;41.9;30.10.2017-14:00:03
18.1;20.6;42.4;30.10.2017-14:20:03
18.4;20.6;41.9;30.10.2017-14:40:03
14.4;20.6;42.4;30.10.2017-15:00:03
13.4;20.6;42.9;30.10.2017-15:20:03
13.6;20.6;42.9;30.10.2017-15:40:03
12.2;20.5;41.9;30.10.2017-16:00:03
11.6;20.5;42.4;30.10.2017-16:20:04
11.1;20.5;43.5;30.10.2017-16:40:03
10.6;20.5;44.0;30.10.2017-17:00:03
10.2;20.5;43.5;30.10.2017-17:20:04
9.9;20.5;43.5;30.10.2017-17:40:03
9.6;20.5;44.0;30.10.2017-18:00:04
9.2;20.5;42.9;30.10.2017-18:20:03
8.4;20.5;43.5;30.10.2017-18:40:03
7.6;20.5;44.0;30.10.2017-19:00:03
6.7;20.5;42.9;30.10.2017-19:20:03
6.1;20.5;43.5;30.10.2017-19:40:03
5.6;20.5;42.9;30.10.2017-20:00:03
5.2;20.5;42.9;30.10.2017-20:20:03
5.2;20.6;43.5;30.10.2017-20:40:03
4.9;20.9;43.5;30.10.2017-21:00:03
4.6;21.0;44.0;30.10.2017-21:20:03
4.4;21.0;44.0;30.10.2017-21:40:03
4.2;20.9;44.0;30.10.2017-22:00:03
3.9;20.8;44.0;30.10.2017-22:20:03
3.7;20.8;44.0;30.10.2017-22:40:03
3.5;20.8;44.0;30.10.2017-23:00:03
3.3;20.7;44.0;30.10.2017-23:20:03
3.2;20.7;43.5;30.10.2017-23:40:03
