6.4;21.2;47.2;01.02.2017-00:00:03
6.3;21.2;46.7;01.02.2017-00:20:03
6.2;21.2;46.7;01.02.2017-00:40:03
6.1;21.2;45.6;01.02.2017-01:00:03
6.1;21.2;47.2;01.02.2017-01:20:03
6.1;21.2;48.3;01.02.2017-01:40:03
5.8;21.2;47.8;01.02.2017-02:00:03
5.6;21.2;48.3;01.02.2017-02:20:03
5.4;21.2;48.3;01.02.2017-02:40:03
5.3;21.2;48.3;01.02.2017-03:00:03
5.3;21.2;48.9;01.02.2017-03:20:03
5.2;21.2;48.3;01.02.2017-03:40:03
5.1;21.2;48.3;01.02.2017-04:00:03
5.1;21.2;49.9;01.02.2017-04:20:03
5.1;21.2;49.4;01.02.2017-04:40:03
5.1;21.2;52.1;01.02.2017-05:00:03
4.9;21.2;51.5;01.02.2017-05:20:03
5.0;21.2;53.2;01.02.2017-05:40:03
4.9;21.2;52.6;01.02.2017-06:00:03
4.9;21.2;52.6;01.02.2017-06:20:03
4.8;21.0;51.5;01.02.2017-06:40:03
4.6;19.2;49.9;01.02.2017-07:00:03
4.7;20.4;51.0;01.02.2017-07:20:03
4.7;20.7;51.5;01.02.2017-07:40:03
4.8;20.8;53.7;01.02.2017-08:00:03
4.9;20.9;53.2;01.02.2017-08:20:03
5.1;20.9;55.8;01.02.2017-08:40:03
5.4;21.0;53.7;01.02.2017-09:00:03
5.5;21.0;55.3;01.02.2017-09:20:03
5.9;21.1;55.8;01.02.2017-09:40:03
6.3;21.1;54.8;01.02.2017-10:00:03
6.7;21.1;53.2;01.02.2017-10:20:03
7.4;21.1;53.2;01.02.2017-10:40:03
7.9;21.2;53.7;01.02.2017-11:00:03
8.4;21.2;52.6;01.02.2017-11:20:03
9.3;21.2;52.6;01.02.2017-11:40:03
9.0;21.2;51.5;01.02.2017-12:00:04
9.5;21.2;49.4;01.02.2017-12:20:03
9.9;21.3;48.9;01.02.2017-12:40:03
10.8;21.3;48.3;01.02.2017-13:00:03
12.4;21.3;48.3;01.02.2017-13:20:03
13.7;21.3;48.3;01.02.2017-13:40:03
16.1;21.4;48.3;01.02.2017-14:00:03
19.6;21.4;54.2;01.02.2017-14:20:03
22.8;21.5;48.9;01.02.2017-14:40:03
27.0;21.8;48.3;01.02.2017-15:00:03
25.8;21.9;49.9;01.02.2017-15:20:03
27.8;22.3;49.9;01.02.2017-15:40:04
26.6;22.4;47.8;01.02.2017-16:00:03
18.9;22.4;48.3;01.02.2017-16:20:03
14.4;21.8;47.2;01.02.2017-16:40:03
11.8;21.6;47.2;01.02.2017-17:00:03
10.4;21.6;46.7;01.02.2017-17:20:03
9.4;21.5;47.2;01.02.2017-17:40:03
8.6;21.7;46.2;01.02.2017-18:00:03
7.6;21.6;47.2;01.02.2017-18:20:03
7.1;21.8;48.3;01.02.2017-18:40:03
6.9;21.8;47.2;01.02.2017-19:00:03
6.8;21.6;47.2;01.02.2017-19:20:03
6.6;21.6;47.2;01.02.2017-19:40:03
6.6;21.6;47.2;01.02.2017-20:00:03
6.6;21.6;47.2;01.02.2017-20:20:03
6.4;21.5;47.2;01.02.2017-20:40:03
6.1;21.5;47.2;01.02.2017-21:00:03
5.9;21.5;47.2;01.02.2017-21:20:03
5.9;21.5;47.2;01.02.2017-21:40:03
6.1;21.4;47.2;01.02.2017-22:00:03
6.1;21.4;47.2;01.02.2017-22:20:03
5.9;21.4;47.2;01.02.2017-22:40:03
5.9;21.4;49.4;01.02.2017-23:00:03
5.8;21.4;48.3;01.02.2017-23:20:03
5.6;21.4;47.8;01.02.2017-23:40:03
