2.9;20.7;43.5;31.10.2017-00:00:03
2.8;20.6;43.5;31.10.2017-00:20:03
2.6;20.6;44.0;31.10.2017-00:40:03
2.4;20.6;43.5;31.10.2017-01:00:03
2.4;20.6;44.0;31.10.2017-01:20:03
2.4;20.6;44.0;31.10.2017-01:40:03
2.4;20.6;43.5;31.10.2017-02:00:03
2.3;20.6;43.5;31.10.2017-02:20:03
2.3;20.6;43.5;31.10.2017-02:40:03
2.2;20.6;43.5;31.10.2017-03:00:03
2.2;20.6;42.9;31.10.2017-03:20:03
2.2;20.6;42.9;31.10.2017-03:40:03
2.2;20.6;42.9;31.10.2017-04:00:03
2.3;20.5;42.9;31.10.2017-04:20:03
2.3;20.5;42.9;31.10.2017-04:40:03
1.9;20.8;43.5;31.10.2017-05:00:03
1.7;20.9;43.5;31.10.2017-05:20:03
1.4;20.9;44.0;31.10.2017-05:40:03
1.1;20.7;43.5;31.10.2017-06:00:03
0.9;20.6;42.9;31.10.2017-06:20:03
0.9;20.5;43.5;31.10.2017-06:40:04
0.8;20.5;42.9;31.10.2017-07:00:03
0.8;20.5;43.5;31.10.2017-07:20:03
0.8;20.4;43.5;31.10.2017-07:40:03
1.2;20.4;44.0;31.10.2017-08:00:03
3.3;20.4;42.4;31.10.2017-08:20:03
3.7;20.4;41.9;31.10.2017-08:40:04
4.4;20.4;41.9;31.10.2017-09:00:03
5.2;20.4;41.9;31.10.2017-09:20:03
5.8;20.4;41.9;31.10.2017-09:40:03
6.5;20.5;41.9;31.10.2017-10:00:03
6.9;20.4;41.9;31.10.2017-10:20:03
7.5;20.4;41.9;31.10.2017-10:40:03
8.1;20.4;41.9;31.10.2017-11:00:03
8.6;20.4;41.9;31.10.2017-11:20:04
9.2;20.4;41.9;31.10.2017-11:40:03
9.6;20.5;41.9;31.10.2017-12:00:03
10.0;20.5;41.9;31.10.2017-12:20:03
10.6;20.4;41.9;31.10.2017-12:40:04
12.3;20.5;41.9;31.10.2017-13:00:03
14.4;20.5;41.9;31.10.2017-13:20:03
16.4;20.6;41.9;31.10.2017-13:40:03
19.8;20.6;42.4;31.10.2017-14:00:04
21.6;20.7;42.4;31.10.2017-14:20:03
24.1;20.8;42.4;31.10.2017-14:40:03
25.4;20.9;42.9;31.10.2017-15:00:03
27.2;21.2;42.4;31.10.2017-15:20:04
21.6;21.6;42.4;31.10.2017-15:40:03
15.6;20.9;41.9;31.10.2017-16:00:03
13.5;20.7;42.4;31.10.2017-16:20:03
12.0;20.6;43.5;31.10.2017-16:40:03
10.4;20.6;43.5;31.10.2017-17:00:03
9.2;20.6;43.5;31.10.2017-17:20:03
8.2;20.6;42.9;31.10.2017-17:40:04
7.4;20.5;43.5;31.10.2017-18:00:03
6.9;20.5;44.0;31.10.2017-18:20:03
6.3;20.5;43.5;31.10.2017-18:40:04
6.0;20.4;43.5;31.10.2017-19:00:03
6.0;20.6;43.5;31.10.2017-19:20:03
5.6;20.8;43.5;31.10.2017-19:40:03
5.4;20.8;42.9;31.10.2017-20:00:03
5.1;20.8;43.5;31.10.2017-20:20:03
4.9;20.8;44.0;31.10.2017-20:40:03
4.7;20.8;43.5;31.10.2017-21:00:03
4.7;21.0;43.5;31.10.2017-21:20:03
4.6;20.9;44.0;31.10.2017-21:40:03
4.4;21.1;44.0;31.10.2017-22:00:03
4.3;20.9;43.5;31.10.2017-22:20:04
4.2;20.7;43.5;31.10.2017-22:40:03
4.0;20.6;43.5;31.10.2017-23:00:03
3.8;20.6;42.9;31.10.2017-23:20:03
3.6;20.5;43.5;31.10.2017-23:40:03
