7.7;21.6;51.5;03.02.2017-00:00:03
7.8;21.6;50.5;03.02.2017-00:20:03
7.9;21.6;50.5;03.02.2017-00:40:03
7.8;21.6;52.6;03.02.2017-01:00:03
7.7;21.6;51.5;03.02.2017-01:20:03
7.6;21.6;51.5;03.02.2017-01:40:03
7.6;21.6;50.5;03.02.2017-02:00:03
7.4;21.6;51.5;03.02.2017-02:20:03
7.4;21.6;52.1;03.02.2017-02:40:03
7.2;21.6;51.5;03.02.2017-03:00:03
7.1;21.6;55.8;03.02.2017-03:20:03
6.8;21.6;54.8;03.02.2017-03:40:03
6.9;21.6;54.2;03.02.2017-04:00:03
6.7;21.6;55.3;03.02.2017-04:20:03
6.5;21.6;55.3;03.02.2017-04:40:03
6.1;21.6;54.2;03.02.2017-05:00:03
6.2;21.5;50.5;03.02.2017-05:20:03
6.2;21.6;49.4;03.02.2017-05:40:03
6.4;21.6;49.9;03.02.2017-06:00:03
6.5;21.6;50.5;03.02.2017-06:20:03
6.8;21.6;49.9;03.02.2017-06:40:03
6.9;21.7;50.5;03.02.2017-07:00:02
6.8;21.7;50.5;03.02.2017-07:20:03
6.6;20.4;49.4;03.02.2017-07:40:03
6.6;21.1;51.0;03.02.2017-08:00:03
6.5;21.2;50.5;03.02.2017-08:20:03
6.7;21.3;50.5;03.02.2017-08:40:03
6.9;21.4;49.9;03.02.2017-09:00:03
7.1;21.4;49.4;03.02.2017-09:20:03
7.6;21.4;50.5;03.02.2017-09:40:03
8.1;21.4;50.5;03.02.2017-10:00:03
9.0;21.4;50.5;03.02.2017-10:20:03
9.3;21.5;50.5;03.02.2017-10:40:03
9.6;21.5;51.0;03.02.2017-11:00:03
10.3;21.5;51.5;03.02.2017-11:20:03
10.7;21.6;51.5;03.02.2017-11:40:03
11.6;21.6;47.2;03.02.2017-12:00:02
12.0;21.6;46.2;03.02.2017-12:20:03
11.6;21.6;47.2;03.02.2017-12:40:03
11.9;21.6;47.8;03.02.2017-13:00:03
13.0;21.6;46.2;03.02.2017-13:20:03
14.4;21.6;46.2;03.02.2017-13:40:03
16.8;21.6;47.2;03.02.2017-14:00:03
18.8;21.7;46.7;03.02.2017-14:20:03
22.1;21.8;47.2;03.02.2017-14:40:03
18.9;21.7;46.2;03.02.2017-15:00:03
26.1;21.8;47.2;03.02.2017-15:20:03
29.4;22.1;47.2;03.02.2017-15:40:03
30.9;22.4;47.2;03.02.2017-16:00:03
22.2;22.2;48.3;03.02.2017-16:20:03
16.4;21.9;47.8;03.02.2017-16:40:03
13.6;21.9;47.2;03.02.2017-17:00:04
12.2;21.8;48.3;03.02.2017-17:20:03
11.6;21.8;47.2;03.02.2017-17:40:03
11.4;21.8;47.2;03.02.2017-18:00:03
11.6;21.8;49.4;03.02.2017-18:20:03
11.5;21.8;48.3;03.02.2017-18:40:03
11.4;21.7;47.2;03.02.2017-19:00:03
11.1;21.7;47.2;03.02.2017-19:20:03
10.9;21.7;47.8;03.02.2017-19:40:03
10.6;21.7;47.8;03.02.2017-20:00:03
10.2;21.7;62.8;03.02.2017-20:20:03
10.1;21.7;47.2;03.02.2017-20:40:03
9.8;21.7;48.3;03.02.2017-21:00:03
9.8;21.7;48.3;03.02.2017-21:20:03
9.6;21.7;48.3;03.02.2017-21:40:03
9.3;21.7;48.3;03.02.2017-22:00:03
8.9;21.7;48.3;03.02.2017-22:20:03
8.8;21.7;49.4;03.02.2017-22:40:03
8.6;21.7;48.3;03.02.2017-23:00:03
8.3;21.7;48.3;03.02.2017-23:20:03
7.9;21.7;48.3;03.02.2017-23:40:03
