-3.5;20.4;48.3;24.01.2017-00:00:03
-3.6;20.4;48.3;24.01.2017-00:20:03
-3.4;20.4;47.8;24.01.2017-00:40:03
-3.3;20.4;48.3;24.01.2017-01:00:03
-3.2;20.4;48.3;24.01.2017-01:20:03
-3.0;20.4;59.1;24.01.2017-01:40:03
-3.0;20.4;48.3;24.01.2017-02:00:03
-3.1;20.4;48.9;24.01.2017-02:20:03
-3.4;20.4;48.3;24.01.2017-02:40:03
-3.7;20.4;48.9;24.01.2017-03:00:03
-3.6;20.4;49.4;24.01.2017-03:20:03
-3.7;20.4;48.3;24.01.2017-03:40:03
-4.0;20.4;48.9;24.01.2017-04:00:03
-4.1;20.4;47.8;24.01.2017-04:20:03
-4.4;20.4;47.8;24.01.2017-04:40:03
-4.6;20.4;51.5;24.01.2017-05:00:03
-4.4;20.4;52.1;24.01.2017-05:20:03
-4.5;20.4;51.5;24.01.2017-05:40:03
-4.3;20.4;52.6;24.01.2017-06:00:03
-4.4;20.4;52.1;24.01.2017-06:20:03
-4.4;20.4;51.5;24.01.2017-06:40:03
-4.2;20.4;53.2;24.01.2017-07:00:03
-4.6;20.4;53.2;24.01.2017-07:20:03
-5.1;20.2;50.5;24.01.2017-07:40:04
-4.9;18.8;51.5;24.01.2017-08:00:03
-4.6;19.6;52.6;24.01.2017-08:20:03
-4.5;19.8;52.6;24.01.2017-08:40:03
-4.6;19.9;51.5;24.01.2017-09:00:03
-4.9;20.1;51.5;24.01.2017-09:20:03
-4.4;20.1;53.7;24.01.2017-09:40:03
-4.1;20.1;50.5;24.01.2017-10:00:03
-4.1;20.1;53.2;24.01.2017-10:20:03
-3.7;20.2;52.6;24.01.2017-10:40:03
-3.6;20.2;53.7;24.01.2017-11:00:03
-3.2;20.2;53.2;24.01.2017-11:20:03
-2.8;20.2;53.7;24.01.2017-11:40:03
-2.4;20.2;51.5;24.01.2017-12:00:03
-2.2;20.2;53.2;24.01.2017-12:20:03
-2.4;20.2;51.0;24.01.2017-12:40:03
-2.2;20.2;50.5;24.01.2017-13:00:03
-2.1;20.2;52.1;24.01.2017-13:20:03
-1.8;20.2;53.7;24.01.2017-13:40:03
-2.0;20.2;51.0;24.01.2017-14:00:03
-1.9;20.2;53.2;24.01.2017-14:20:03
-2.5;20.2;51.5;24.01.2017-14:40:03
-2.8;20.2;56.4;24.01.2017-15:00:03
-2.6;20.2;51.0;24.01.2017-15:20:03
-3.2;20.2;48.9;24.01.2017-15:40:03
-3.2;20.2;47.8;24.01.2017-16:00:03
-3.3;20.2;48.3;24.01.2017-16:20:03
-2.8;20.2;48.3;24.01.2017-16:40:03
-3.2;20.2;47.8;24.01.2017-17:00:03
-3.4;20.2;48.9;24.01.2017-17:20:03
-3.1;20.2;48.9;24.01.2017-17:40:03
-3.3;20.2;48.3;24.01.2017-18:00:03
-3.1;20.4;48.3;24.01.2017-18:20:03
-3.0;20.3;48.3;24.01.2017-18:40:03
-3.0;20.3;48.3;24.01.2017-19:00:02
-2.9;20.3;48.3;24.01.2017-19:20:03
-2.8;20.3;47.8;24.01.2017-19:40:03
-2.8;20.3;48.3;24.01.2017-20:00:03
-2.7;20.3;49.4;24.01.2017-20:20:03
-2.6;20.3;49.4;24.01.2017-20:40:03
-2.3;20.3;48.9;24.01.2017-21:00:03
-2.1;20.3;49.4;24.01.2017-21:20:03
-2.1;20.3;49.4;24.01.2017-21:40:03
-2.0;20.3;48.3;24.01.2017-22:00:03
-1.9;20.4;48.9;24.01.2017-22:20:03
-1.9;20.4;49.4;24.01.2017-22:40:03
-1.9;20.3;49.9;24.01.2017-23:00:03
-1.9;20.3;49.4;24.01.2017-23:20:03
-1.9;20.4;51.5;24.01.2017-23:40:03
