-1.0;20.5;46.2;18.01.2017-00:00:03
-1.1;20.4;46.7;18.01.2017-00:20:03
-1.1;20.4;47.2;18.01.2017-00:40:03
-1.1;20.5;46.2;18.01.2017-01:00:03
-1.2;20.4;46.2;18.01.2017-01:20:03
-1.3;20.4;47.2;18.01.2017-01:40:03
-1.3;20.4;46.2;18.01.2017-02:00:03
-1.3;20.4;46.7;18.01.2017-02:20:03
-1.4;20.4;46.2;18.01.2017-02:40:03
-1.4;20.4;47.2;18.01.2017-03:00:03
-1.6;20.4;47.2;18.01.2017-03:20:03
-1.5;20.4;46.2;18.01.2017-03:40:03
-1.7;20.4;46.2;18.01.2017-04:00:03
-1.5;20.4;45.6;18.01.2017-04:20:03
-1.5;20.4;46.2;18.01.2017-04:40:03
-1.6;20.4;46.7;18.01.2017-05:00:03
-1.6;20.4;46.7;18.01.2017-05:20:03
-1.6;20.4;46.2;18.01.2017-05:40:03
-1.7;20.4;46.2;18.01.2017-06:00:03
-1.7;20.4;46.2;18.01.2017-06:20:03
-1.6;20.4;46.2;18.01.2017-06:40:03
-1.7;20.4;46.2;18.01.2017-07:00:03
-1.5;20.5;46.2;18.01.2017-07:20:03
-1.5;20.5;46.7;18.01.2017-07:40:03
-1.6;20.5;47.2;18.01.2017-08:00:03
-1.4;20.4;46.2;18.01.2017-08:20:03
-1.4;20.5;46.2;18.01.2017-08:40:03
-1.4;20.5;46.2;18.01.2017-09:00:03
-1.3;20.5;46.7;18.01.2017-09:20:03
-1.2;20.5;46.2;18.01.2017-09:40:03
-0.8;20.5;46.2;18.01.2017-10:00:03
-0.6;20.6;46.2;18.01.2017-10:20:03
-0.1;20.6;46.2;18.01.2017-10:40:03
0.2;20.6;46.2;18.01.2017-11:00:03
0.2;20.6;46.2;18.01.2017-11:20:03
0.5;20.6;46.2;18.01.2017-11:40:03
0.4;20.6;46.2;18.01.2017-12:00:03
0.3;20.6;45.6;18.01.2017-12:20:03
-0.1;20.6;47.2;18.01.2017-12:40:03
-0.6;20.6;46.2;18.01.2017-13:00:03
-0.6;20.6;46.2;18.01.2017-13:20:03
-0.5;20.6;46.2;18.01.2017-13:40:03
-0.2;20.6;47.2;18.01.2017-14:00:03
0.2;20.6;46.7;18.01.2017-14:20:03
3.9;20.6;46.7;18.01.2017-14:40:03
5.8;20.7;46.7;18.01.2017-15:00:03
8.7;20.9;46.7;18.01.2017-15:20:03
8.5;21.1;47.2;18.01.2017-15:40:03
6.1;21.1;46.7;18.01.2017-16:00:03
4.0;21.0;46.2;18.01.2017-16:20:03
1.4;20.8;46.7;18.01.2017-16:40:03
0.2;20.7;47.2;18.01.2017-17:00:03
-0.1;20.6;46.7;18.01.2017-17:20:03
-0.1;20.6;46.2;18.01.2017-17:40:03
-0.1;20.6;47.8;18.01.2017-18:00:03
-0.1;20.6;47.2;18.01.2017-18:20:03
-0.1;20.6;46.2;18.01.2017-18:40:02
-0.1;20.6;47.2;18.01.2017-19:00:03
-0.1;20.6;45.6;18.01.2017-19:20:03
0.0;20.6;46.7;18.01.2017-19:40:03
-0.1;20.6;46.2;18.01.2017-20:00:03
-0.1;20.6;46.2;18.01.2017-20:20:03
-0.2;20.6;46.2;18.01.2017-20:40:03
-0.2;20.6;52.6;18.01.2017-21:00:03
-0.5;20.6;47.2;18.01.2017-21:20:03
-0.5;20.6;46.2;18.01.2017-21:40:03
-0.6;20.6;46.7;18.01.2017-22:00:03
-0.5;20.6;46.2;18.01.2017-22:20:03
-0.5;20.6;47.2;18.01.2017-22:40:03
-0.6;20.6;47.2;18.01.2017-23:00:03
-0.7;20.6;46.7;18.01.2017-23:20:03
-0.6;20.5;46.7;18.01.2017-23:40:03
