0.4;21.1;46.2;30.01.2017-00:00:03
0.3;21.1;46.2;30.01.2017-00:20:03
0.1;21.1;46.2;30.01.2017-00:40:03
0.1;21.1;46.7;30.01.2017-01:00:03
0.2;21.1;59.1;30.01.2017-01:20:03
0.0;21.1;46.2;30.01.2017-01:40:03
0.1;21.1;46.2;30.01.2017-02:00:03
0.2;21.1;46.2;30.01.2017-02:20:03
0.4;21.1;46.2;30.01.2017-02:40:03
0.5;21.1;47.2;30.01.2017-03:00:03
0.7;21.1;46.7;30.01.2017-03:20:03
0.9;21.1;48.3;30.01.2017-03:40:03
1.1;21.1;47.2;30.01.2017-04:00:03
1.4;21.0;47.2;30.01.2017-04:20:03
1.9;21.1;46.7;30.01.2017-04:40:03
2.2;21.1;46.2;30.01.2017-05:00:03
2.0;21.1;47.2;30.01.2017-05:20:03
2.0;21.1;55.3;30.01.2017-05:40:03
2.1;21.1;47.2;30.01.2017-06:00:03
2.2;21.1;47.2;30.01.2017-06:20:03
2.3;21.0;47.2;30.01.2017-06:40:03
2.5;21.0;47.2;30.01.2017-07:00:03
2.4;21.1;56.4;30.01.2017-07:20:03
2.4;21.1;47.2;30.01.2017-07:40:03
2.4;17.8;45.6;30.01.2017-08:00:03
2.7;20.1;46.7;30.01.2017-08:20:03
3.2;20.5;47.8;30.01.2017-08:40:03
3.4;20.7;47.8;30.01.2017-09:00:03
3.7;20.8;47.2;30.01.2017-09:20:03
4.1;20.8;47.2;30.01.2017-09:40:03
4.8;20.9;47.2;30.01.2017-10:00:03
5.4;20.9;48.3;30.01.2017-10:20:03
5.8;20.9;48.3;30.01.2017-10:40:03
5.9;20.9;48.3;30.01.2017-11:00:03
5.9;20.9;49.4;30.01.2017-11:20:03
6.2;20.9;48.3;30.01.2017-11:40:03
6.9;21.0;49.4;30.01.2017-12:00:03
7.4;21.0;52.1;30.01.2017-12:20:03
7.3;21.0;49.4;30.01.2017-12:40:03
6.9;21.0;50.5;30.01.2017-13:00:04
7.0;21.0;48.9;30.01.2017-13:20:03
7.1;21.0;48.9;30.01.2017-13:40:03
7.2;21.0;50.5;30.01.2017-14:00:03
7.2;21.0;47.2;30.01.2017-14:20:03
7.4;21.1;47.8;30.01.2017-14:40:03
6.9;21.1;47.2;30.01.2017-15:00:03
7.1;21.1;47.2;30.01.2017-15:20:03
7.2;21.1;47.2;30.01.2017-15:40:04
6.9;21.1;47.2;30.01.2017-16:00:03
6.6;21.1;47.2;30.01.2017-16:20:03
6.2;21.1;55.8;30.01.2017-16:40:03
6.2;21.1;47.8;30.01.2017-17:00:03
6.1;21.1;47.2;30.01.2017-17:20:03
5.9;21.1;47.2;30.01.2017-17:40:03
5.8;21.1;47.2;30.01.2017-18:00:03
5.6;21.1;47.2;30.01.2017-18:20:03
5.4;21.1;46.7;30.01.2017-18:40:03
5.2;21.1;51.0;30.01.2017-19:00:03
5.2;21.1;51.0;30.01.2017-19:20:03
5.0;21.1;50.5;30.01.2017-19:40:03
5.1;21.1;50.5;30.01.2017-20:00:03
5.2;21.1;50.5;30.01.2017-20:20:03
5.1;21.1;50.5;30.01.2017-20:40:03
5.1;21.1;52.1;30.01.2017-21:00:03
5.2;21.1;52.1;30.01.2017-21:20:03
5.2;21.1;53.2;30.01.2017-21:40:03
5.2;21.1;53.2;30.01.2017-22:00:03
5.2;21.1;52.1;30.01.2017-22:20:03
5.2;21.1;52.1;30.01.2017-22:40:03
5.3;21.1;52.1;30.01.2017-23:00:03
5.2;21.1;53.7;30.01.2017-23:20:03
5.4;21.1;55.8;30.01.2017-23:40:03
