3.8;21.7;53.7;10.02.2017-00:00:03
3.8;21.8;53.7;10.02.2017-00:20:03
3.8;21.8;54.8;10.02.2017-00:40:03
3.8;21.7;54.8;10.02.2017-01:00:03
3.5;21.7;62.3;10.02.2017-01:20:03
3.4;21.7;51.5;10.02.2017-01:40:03
3.2;21.8;55.3;10.02.2017-02:00:03
3.1;21.7;53.2;10.02.2017-02:20:03
3.2;21.8;53.2;10.02.2017-02:40:03
3.3;21.7;53.7;10.02.2017-03:00:03
3.1;21.7;56.9;10.02.2017-03:20:03
2.8;21.7;54.8;10.02.2017-03:40:03
2.4;21.7;55.3;10.02.2017-04:00:03
2.2;21.7;58.0;10.02.2017-04:20:03
2.2;21.7;56.9;10.02.2017-04:40:03
2.2;21.7;57.5;10.02.2017-05:00:03
2.1;21.7;65.0;10.02.2017-05:20:03
2.0;21.7;54.8;10.02.2017-05:40:03
2.0;21.7;54.2;10.02.2017-06:00:03
2.0;21.8;62.3;10.02.2017-06:20:03
2.1;22.1;54.2;10.02.2017-06:40:06
