5.6;21.6;54.8;08.02.2017-00:00:03
5.4;21.6;54.2;08.02.2017-00:20:03
5.4;21.6;54.2;08.02.2017-00:40:03
5.4;21.6;54.2;08.02.2017-01:00:03
5.2;21.6;49.4;08.02.2017-01:20:03
5.1;21.6;49.4;08.02.2017-01:40:03
5.0;21.6;48.9;08.02.2017-02:00:03
4.9;21.6;51.5;08.02.2017-02:20:03
4.9;21.6;49.4;08.02.2017-02:40:03
4.9;21.6;49.9;08.02.2017-03:00:03
5.0;21.6;49.4;08.02.2017-03:20:03
5.0;21.6;49.4;08.02.2017-03:40:03
4.9;21.6;49.4;08.02.2017-04:00:03
4.8;21.6;50.5;08.02.2017-04:20:03
4.8;21.6;51.5;08.02.2017-04:40:03
4.8;21.6;51.5;08.02.2017-05:00:03
4.9;21.6;51.5;08.02.2017-05:20:03
5.0;21.6;52.1;08.02.2017-05:40:03
5.0;21.6;52.6;08.02.2017-06:00:03
4.8;21.6;51.0;08.02.2017-06:20:03
5.1;21.8;53.7;08.02.2017-06:40:03
4.6;18.9;49.4;08.02.2017-07:00:03
4.7;20.6;51.5;08.02.2017-07:20:03
4.8;21.1;53.7;08.02.2017-07:40:03
4.8;21.2;52.6;08.02.2017-08:00:03
4.9;21.3;53.2;08.02.2017-08:20:03
5.1;21.3;52.6;08.02.2017-08:40:03
5.3;21.4;55.8;08.02.2017-09:00:03
5.6;21.4;55.3;08.02.2017-09:20:03
5.9;21.4;55.8;08.02.2017-09:40:03
6.1;21.4;55.8;08.02.2017-10:00:03
6.2;21.4;55.8;08.02.2017-10:20:03
6.6;21.4;55.8;08.02.2017-10:40:03
6.8;21.4;63.4;08.02.2017-11:00:03
7.1;21.5;50.5;08.02.2017-11:20:03
8.0;21.5;50.5;08.02.2017-11:40:03
8.4;21.5;48.9;08.02.2017-12:00:03
8.6;21.5;49.4;08.02.2017-12:20:03
8.3;21.5;49.9;08.02.2017-12:40:03
7.6;21.5;49.4;08.02.2017-13:00:03
7.1;21.5;51.0;08.02.2017-13:20:03
7.0;21.5;49.9;08.02.2017-13:40:03
7.0;21.4;49.4;08.02.2017-14:00:03
7.2;21.5;51.0;08.02.2017-14:20:03
7.6;21.4;50.5;08.02.2017-14:40:03
7.9;21.5;50.5;08.02.2017-15:00:03
8.1;21.5;62.8;08.02.2017-15:20:03
8.1;21.5;51.5;08.02.2017-15:40:03
7.9;21.5;51.5;08.02.2017-16:00:03
7.4;21.5;51.5;08.02.2017-16:20:03
6.9;21.5;51.0;08.02.2017-16:40:03
6.6;21.5;51.5;08.02.2017-17:00:03
6.5;21.5;51.5;08.02.2017-17:20:03
6.4;21.5;52.6;08.02.2017-17:40:03
6.4;21.5;53.2;08.02.2017-18:00:03
6.4;21.5;53.2;08.02.2017-18:20:03
6.5;21.5;52.6;08.02.2017-18:40:03
6.4;21.4;54.2;08.02.2017-19:00:03
6.3;21.5;53.7;08.02.2017-19:20:03
6.4;21.5;55.8;08.02.2017-19:40:03
6.5;21.5;56.9;08.02.2017-20:00:03
6.6;21.5;56.9;08.02.2017-20:20:03
6.6;21.6;56.9;08.02.2017-20:40:03
6.4;21.5;56.9;08.02.2017-21:00:03
6.4;21.5;50.5;08.02.2017-21:20:03
6.1;21.5;51.5;08.02.2017-21:40:03
6.0;21.6;55.3;08.02.2017-22:00:03
6.1;21.5;52.6;08.02.2017-22:20:03
6.0;21.6;52.1;08.02.2017-22:40:03
5.7;21.5;52.1;08.02.2017-23:00:03
5.3;21.6;52.6;08.02.2017-23:20:03
5.2;21.5;52.6;08.02.2017-23:40:03
