-4.2;20.6;47.8;21.01.2017-00:00:03
-4.5;20.5;47.8;21.01.2017-00:20:02
-4.7;20.5;47.8;21.01.2017-00:40:03
-4.9;20.5;48.3;21.01.2017-01:00:03
-5.1;20.5;47.8;21.01.2017-01:20:03
-5.2;20.5;48.3;21.01.2017-01:40:03
-5.4;20.5;48.3;21.01.2017-02:00:03
-5.6;20.5;48.3;21.01.2017-02:20:03
-5.6;20.4;47.2;21.01.2017-02:40:03
-5.7;20.4;47.8;21.01.2017-03:00:03
-5.8;20.4;48.9;21.01.2017-03:20:03
-5.8;20.4;47.8;21.01.2017-03:40:03
-6.0;20.4;47.8;21.01.2017-04:00:03
-6.1;20.4;49.4;21.01.2017-04:20:02
-6.2;20.4;48.9;21.01.2017-04:40:03
-6.1;20.4;48.3;21.01.2017-05:00:03
-6.2;20.4;48.3;21.01.2017-05:20:03
-6.1;20.4;48.3;21.01.2017-05:40:03
-6.2;20.4;48.3;21.01.2017-06:00:03
-6.2;20.4;48.9;21.01.2017-06:20:03
-6.2;20.4;48.3;21.01.2017-06:40:03
-6.2;20.4;47.2;21.01.2017-07:00:03
-6.3;20.4;49.4;21.01.2017-07:20:03
-6.4;20.4;47.2;21.01.2017-07:40:03
-6.4;20.4;48.3;21.01.2017-08:00:03
-6.5;20.4;48.3;21.01.2017-08:20:03
-6.4;20.4;48.3;21.01.2017-08:40:03
-5.9;20.4;47.8;21.01.2017-09:00:03
-5.1;20.4;48.3;21.01.2017-09:20:03
-3.9;20.4;47.8;21.01.2017-09:40:03
-3.1;20.5;49.4;21.01.2017-10:00:03
-2.6;20.5;48.3;21.01.2017-10:20:03
-1.7;20.5;48.3;21.01.2017-10:40:03
-1.2;20.5;48.9;21.01.2017-11:00:03
-0.9;20.6;48.3;21.01.2017-11:20:03
-0.1;20.6;48.9;21.01.2017-11:40:03
0.3;20.6;48.3;21.01.2017-12:00:03
0.6;20.6;47.8;21.01.2017-12:20:03
0.9;20.6;48.3;21.01.2017-12:40:03
1.4;20.6;47.8;21.01.2017-13:00:03
2.9;20.6;48.3;21.01.2017-13:20:03
4.1;20.6;48.3;21.01.2017-13:40:03
6.2;20.6;48.3;21.01.2017-14:00:03
8.5;20.6;47.8;21.01.2017-14:20:03
11.1;20.7;48.3;21.01.2017-14:40:03
12.8;20.7;47.8;21.01.2017-15:00:03
13.8;20.8;48.3;21.01.2017-15:20:03
14.1;21.0;48.3;21.01.2017-15:40:03
11.1;21.1;48.3;21.01.2017-16:00:03
7.8;20.9;48.3;21.01.2017-16:20:03
3.1;20.8;48.3;21.01.2017-16:40:03
1.1;20.7;47.8;21.01.2017-17:00:03
-0.2;20.6;47.8;21.01.2017-17:20:03
-1.2;20.6;47.2;21.01.2017-17:40:03
-1.8;20.6;47.8;21.01.2017-18:00:03
-2.3;20.6;47.8;21.01.2017-18:20:03
-2.7;20.6;48.3;21.01.2017-18:40:03
-2.9;20.6;48.3;21.01.2017-19:00:03
-3.3;20.6;47.8;21.01.2017-19:20:03
-3.6;20.6;48.9;21.01.2017-19:40:03
-3.8;20.6;48.3;21.01.2017-20:00:03
-3.9;20.5;49.4;21.01.2017-20:20:03
-4.0;20.5;48.3;21.01.2017-20:40:03
-4.2;20.5;49.4;21.01.2017-21:00:03
-4.2;20.5;49.4;21.01.2017-21:20:03
-4.3;20.6;49.4;21.01.2017-21:40:03
-4.6;20.5;51.5;21.01.2017-22:00:03
-4.9;20.5;49.4;21.01.2017-22:20:03
-5.1;20.5;54.8;21.01.2017-22:40:03
-5.2;20.5;50.5;21.01.2017-23:00:03
-5.3;20.5;49.4;21.01.2017-23:20:03
-5.4;20.5;49.4;21.01.2017-23:40:03
