6.6;21.7;47.8;07.02.2017-00:00:03
6.5;21.7;50.5;07.02.2017-00:20:03
6.6;21.7;48.3;07.02.2017-00:40:03
6.6;21.7;48.9;07.02.2017-01:00:03
6.6;21.7;47.8;07.02.2017-01:20:03
6.5;21.7;53.2;07.02.2017-01:40:03
6.2;21.7;52.1;07.02.2017-02:00:03
6.1;21.7;51.5;07.02.2017-02:20:02
6.0;21.7;56.9;07.02.2017-02:40:03
6.0;21.7;56.9;07.02.2017-03:00:03
5.7;21.7;56.4;07.02.2017-03:20:03
5.6;21.7;56.9;07.02.2017-03:40:03
5.5;21.7;54.8;07.02.2017-04:00:03
5.3;21.7;56.4;07.02.2017-04:20:03
5.1;21.7;60.7;07.02.2017-04:40:03
5.1;21.7;55.8;07.02.2017-05:00:03
5.1;21.6;54.8;07.02.2017-05:20:03
4.8;21.7;53.7;07.02.2017-05:40:03
4.4;21.7;53.7;07.02.2017-06:00:03
4.1;21.8;55.3;07.02.2017-06:20:03
4.0;21.9;55.8;07.02.2017-06:40:04
4.1;21.8;48.3;07.02.2017-07:00:03
3.6;19.9;46.2;07.02.2017-07:20:03
3.5;21.1;47.2;07.02.2017-07:40:03
3.5;21.3;46.2;07.02.2017-08:00:03
3.9;21.4;46.7;07.02.2017-08:20:03
4.4;21.4;47.2;07.02.2017-08:40:03
4.4;21.4;52.6;07.02.2017-09:00:03
5.4;21.5;47.2;07.02.2017-09:20:03
6.0;21.5;47.2;07.02.2017-09:40:03
6.6;21.5;47.2;07.02.2017-10:00:03
6.7;21.6;49.4;07.02.2017-10:20:03
6.8;21.6;47.8;07.02.2017-10:40:03
7.7;21.6;47.2;07.02.2017-11:00:03
8.4;21.6;52.6;07.02.2017-11:20:03
9.4;21.6;53.2;07.02.2017-11:40:03
9.8;21.6;56.9;07.02.2017-12:00:03
10.1;21.7;55.8;07.02.2017-12:20:03
10.2;21.7;56.9;07.02.2017-12:40:03
10.4;21.7;56.9;07.02.2017-13:00:03
10.8;21.8;55.8;07.02.2017-13:20:03
10.3;21.7;53.7;07.02.2017-13:40:03
9.4;21.8;52.1;07.02.2017-14:00:03
8.6;21.7;52.6;07.02.2017-14:20:03
8.4;21.7;52.6;07.02.2017-14:40:03
8.4;21.7;52.1;07.02.2017-15:00:03
8.5;21.7;52.1;07.02.2017-15:20:03
8.2;21.7;55.8;07.02.2017-15:40:03
8.0;21.7;55.3;07.02.2017-16:00:03
8.0;21.6;55.3;07.02.2017-16:20:03
7.8;21.6;55.8;07.02.2017-16:40:03
7.4;21.6;54.2;07.02.2017-17:00:03
7.1;21.7;56.4;07.02.2017-17:20:03
7.0;21.6;54.8;07.02.2017-17:40:02
6.8;21.6;55.3;07.02.2017-18:00:03
6.7;21.6;59.1;07.02.2017-18:20:03
6.7;21.6;54.2;07.02.2017-18:40:02
6.7;21.6;55.3;07.02.2017-19:00:03
6.6;21.6;52.6;07.02.2017-19:20:03
6.5;21.6;54.2;07.02.2017-19:40:03
6.4;21.6;54.2;07.02.2017-20:00:03
6.5;21.6;53.2;07.02.2017-20:20:03
6.4;21.6;53.2;07.02.2017-20:40:03
6.3;21.6;52.6;07.02.2017-21:00:03
6.1;21.6;52.6;07.02.2017-21:20:03
5.9;21.6;53.2;07.02.2017-21:40:03
5.8;21.6;53.2;07.02.2017-22:00:03
5.8;21.6;54.8;07.02.2017-22:20:03
5.8;21.6;54.8;07.02.2017-22:40:03
5.8;21.6;54.2;07.02.2017-23:00:03
5.7;21.6;53.7;07.02.2017-23:20:03
5.7;21.6;54.2;07.02.2017-23:40:03
