1.1;20.8;45.6;10.01.2017-00:00:03
1.0;20.8;45.1;10.01.2017-00:20:03
1.2;20.8;46.2;10.01.2017-00:40:03
1.5;20.8;45.1;10.01.2017-01:00:03
1.8;20.8;45.1;10.01.2017-01:20:03
1.6;20.8;45.1;10.01.2017-01:40:03
1.3;20.8;45.6;10.01.2017-02:00:03
1.4;20.7;45.1;10.01.2017-02:20:03
1.2;20.7;45.1;10.01.2017-02:40:03
1.2;20.7;45.6;10.01.2017-03:00:03
1.4;20.7;45.1;10.01.2017-03:20:03
1.6;20.7;45.1;10.01.2017-03:40:03
1.6;20.7;45.6;10.01.2017-04:00:03
1.8;20.7;45.6;10.01.2017-04:20:03
1.9;20.8;45.1;10.01.2017-04:40:03
1.9;20.7;45.6;10.01.2017-05:00:03
1.9;20.7;45.1;10.01.2017-05:20:03
1.8;20.7;46.2;10.01.2017-05:40:03
1.8;20.8;45.6;10.01.2017-06:00:03
1.7;20.7;45.6;10.01.2017-06:20:03
1.7;20.7;45.6;10.01.2017-06:40:03
1.9;20.8;45.1;10.01.2017-07:00:03
1.3;15.2;41.3;10.01.2017-07:20:03
1.4;19.4;44.0;10.01.2017-07:40:03
1.4;19.9;44.0;10.01.2017-08:00:03
1.4;20.2;45.1;10.01.2017-08:20:03
1.4;20.3;45.6;10.01.2017-08:40:03
1.6;20.4;45.1;10.01.2017-09:00:03
1.8;20.4;45.1;10.01.2017-09:20:03
1.8;20.4;45.1;10.01.2017-09:40:03
1.9;20.4;45.6;10.01.2017-10:00:03
2.2;20.6;45.1;10.01.2017-10:20:03
2.6;20.6;45.1;10.01.2017-10:40:03
3.0;20.6;45.1;10.01.2017-11:00:03
3.1;20.6;45.1;10.01.2017-11:20:03
3.2;20.6;45.6;10.01.2017-11:40:03
3.3;20.6;45.6;10.01.2017-12:00:03
3.5;20.6;45.6;10.01.2017-12:20:03
3.4;20.6;45.6;10.01.2017-12:40:03
3.8;20.6;45.1;10.01.2017-13:00:03
3.6;20.6;45.6;10.01.2017-13:20:03
3.2;20.6;45.6;10.01.2017-13:40:03
3.2;20.6;45.6;10.01.2017-14:00:03
3.2;20.6;45.1;10.01.2017-14:20:03
3.2;20.7;45.6;10.01.2017-14:40:02
3.2;20.6;45.1;10.01.2017-15:00:02
3.1;20.7;45.1;10.01.2017-15:20:03
3.1;20.7;46.2;10.01.2017-15:40:03
2.9;20.7;45.6;10.01.2017-16:00:03
3.0;20.6;45.1;10.01.2017-16:20:03
2.8;20.6;45.6;10.01.2017-16:40:03
2.8;20.6;45.6;10.01.2017-17:00:03
2.8;20.6;45.6;10.01.2017-17:20:03
2.8;20.6;45.6;10.01.2017-17:40:03
2.8;20.6;46.2;10.01.2017-18:00:03
2.6;20.7;46.2;10.01.2017-18:20:03
2.6;20.6;45.6;10.01.2017-18:40:03
2.8;20.7;45.6;10.01.2017-19:00:03
2.8;20.7;46.2;10.01.2017-19:20:03
2.8;20.7;46.2;10.01.2017-19:40:03
2.8;20.7;45.6;10.01.2017-20:00:03
2.9;20.7;45.1;10.01.2017-20:20:03
2.9;20.7;46.2;10.01.2017-20:40:03
2.9;20.7;45.6;10.01.2017-21:00:03
2.9;20.7;45.1;10.01.2017-21:20:03
2.9;20.7;45.1;10.01.2017-21:40:03
2.9;20.7;45.6;10.01.2017-22:00:03
3.0;20.7;46.2;10.01.2017-22:20:03
3.0;20.7;46.2;10.01.2017-22:40:04
3.0;20.7;46.2;10.01.2017-23:00:03
2.9;20.7;45.6;10.01.2017-23:20:03
2.9;20.7;45.6;10.01.2017-23:40:03
