-0.2;20.8;48.9;28.01.2017-00:00:03
-0.5;20.8;48.3;28.01.2017-00:20:03
-0.8;20.8;48.9;28.01.2017-00:40:03
-0.9;20.8;48.3;28.01.2017-01:00:03
-1.1;20.8;48.3;28.01.2017-01:20:03
-1.2;20.8;53.7;28.01.2017-01:40:03
-1.4;20.8;50.5;28.01.2017-02:00:03
-1.6;20.8;50.5;28.01.2017-02:20:02
-1.6;20.8;50.5;28.01.2017-02:40:03
-1.5;20.8;50.5;28.01.2017-03:00:03
-1.6;20.8;49.9;28.01.2017-03:20:03
-1.8;20.8;50.5;28.01.2017-03:40:03
-1.7;20.8;53.7;28.01.2017-04:00:03
-1.7;20.8;53.2;28.01.2017-04:20:03
-1.7;20.8;54.8;28.01.2017-04:40:03
-1.8;20.8;52.6;28.01.2017-05:00:03
-2.0;20.8;51.5;28.01.2017-05:20:03
-1.8;20.8;55.8;28.01.2017-05:40:03
-1.8;20.8;51.0;28.01.2017-06:00:03
-1.6;20.8;49.9;28.01.2017-06:20:03
-1.6;20.8;49.4;28.01.2017-06:40:03
-1.5;20.8;49.4;28.01.2017-07:00:03
-1.4;20.8;49.9;28.01.2017-07:20:03
-1.5;20.8;49.4;28.01.2017-07:40:03
-1.6;20.8;60.1;28.01.2017-08:00:03
-1.3;18.7;47.8;28.01.2017-08:20:03
-1.2;19.8;49.4;28.01.2017-08:40:03
-0.6;20.1;49.4;28.01.2017-09:00:03
0.2;20.3;49.9;28.01.2017-09:20:03
1.1;20.4;49.4;28.01.2017-09:40:03
1.5;20.4;49.4;28.01.2017-10:00:03
2.1;20.5;51.5;28.01.2017-10:20:03
2.8;20.6;52.6;28.01.2017-10:40:03
3.0;20.6;52.6;28.01.2017-11:00:03
3.6;20.6;51.5;28.01.2017-11:20:03
4.1;20.6;49.9;28.01.2017-11:40:03
4.6;20.6;51.5;28.01.2017-12:00:03
5.5;20.7;50.5;28.01.2017-12:20:03
6.5;20.7;52.1;28.01.2017-12:40:03
6.8;20.8;52.1;28.01.2017-13:00:03
7.8;20.8;51.5;28.01.2017-13:20:03
9.2;20.8;51.0;28.01.2017-13:40:03
10.9;20.8;52.6;28.01.2017-14:00:03
13.0;20.8;51.5;28.01.2017-14:20:03
11.5;20.8;58.0;28.01.2017-14:40:03
10.7;20.8;54.8;28.01.2017-15:00:03
9.2;20.8;53.7;28.01.2017-15:20:03
8.1;20.8;53.7;28.01.2017-15:40:03
8.1;20.8;54.2;28.01.2017-16:00:03
8.5;20.9;54.2;28.01.2017-16:20:03
7.7;20.8;53.7;28.01.2017-16:40:03
6.9;20.8;53.2;28.01.2017-17:00:03
6.1;20.8;54.2;28.01.2017-17:20:04
5.1;20.8;47.2;28.01.2017-17:40:03
4.2;20.9;47.2;28.01.2017-18:00:03
3.4;20.9;48.3;28.01.2017-18:20:04
2.6;20.9;47.8;28.01.2017-18:40:03
1.9;20.9;55.3;28.01.2017-19:00:03
1.6;20.9;48.3;28.01.2017-19:20:03
1.1;21.1;48.3;28.01.2017-19:40:03
0.8;21.1;47.2;28.01.2017-20:00:03
0.3;20.9;48.3;28.01.2017-20:20:03
0.1;20.9;48.9;28.01.2017-20:40:03
-0.1;21.0;48.3;28.01.2017-21:00:03
-0.2;20.9;48.3;28.01.2017-21:20:03
-0.4;21.0;48.9;28.01.2017-21:40:03
-0.4;21.0;48.3;28.01.2017-22:00:03
-0.6;21.0;48.9;28.01.2017-22:20:03
-0.6;21.0;49.4;28.01.2017-22:40:03
-0.8;21.0;49.4;28.01.2017-23:00:03
-0.9;21.0;55.3;28.01.2017-23:20:03
-1.1;21.1;51.5;28.01.2017-23:40:03
