-5.5;20.5;51.5;22.01.2017-00:00:03
-5.6;20.5;50.5;22.01.2017-00:20:03
-5.8;20.5;50.5;22.01.2017-00:40:03
-6.0;20.4;51.5;22.01.2017-01:00:03
-6.1;20.4;50.5;22.01.2017-01:20:03
-6.1;20.4;50.5;22.01.2017-01:40:03
-6.2;20.4;51.0;22.01.2017-02:00:03
-6.2;20.4;51.5;22.01.2017-02:20:03
-6.4;20.4;49.9;22.01.2017-02:40:03
-6.4;20.4;50.5;22.01.2017-03:00:03
-6.6;20.4;50.5;22.01.2017-03:20:03
-6.6;20.4;50.5;22.01.2017-03:40:03
-6.8;20.4;49.4;22.01.2017-04:00:03
-6.8;20.4;49.9;22.01.2017-04:20:03
-6.9;20.4;49.9;22.01.2017-04:40:03
-6.9;20.4;50.5;22.01.2017-05:00:03
-6.8;20.4;50.5;22.01.2017-05:20:03
-6.9;20.4;51.0;22.01.2017-05:40:03
-7.1;20.4;51.5;22.01.2017-06:00:03
-7.1;20.4;46.2;22.01.2017-06:20:03
-7.1;20.4;45.6;22.01.2017-06:40:03
-7.2;20.4;46.2;22.01.2017-07:00:03
-7.4;20.4;46.2;22.01.2017-07:20:02
-7.4;20.4;45.1;22.01.2017-07:40:03
-7.4;20.4;47.8;22.01.2017-08:00:04
-7.0;20.4;45.6;22.01.2017-08:20:03
-6.9;20.5;46.2;22.01.2017-08:40:03
-6.5;20.6;46.2;22.01.2017-09:00:03
-6.2;13.2;39.7;22.01.2017-09:20:02
-5.1;18.6;47.8;22.01.2017-09:40:03
-4.4;19.4;45.1;22.01.2017-10:00:03
-3.6;19.9;45.1;22.01.2017-10:20:03
-2.7;20.1;45.1;22.01.2017-10:40:03
-2.3;20.2;45.1;22.01.2017-11:00:03
-1.4;20.3;45.6;22.01.2017-11:20:03
-1.0;20.4;45.1;22.01.2017-11:40:03
-0.4;20.4;45.6;22.01.2017-12:00:03
0.1;20.5;46.2;22.01.2017-12:20:03
0.8;20.5;45.6;22.01.2017-12:40:03
1.2;20.6;46.2;22.01.2017-13:00:03
2.5;20.6;48.3;22.01.2017-13:20:03
4.4;20.6;46.2;22.01.2017-13:40:03
6.3;20.7;46.2;22.01.2017-14:00:03
8.1;20.7;46.2;22.01.2017-14:20:03
10.3;20.8;46.2;22.01.2017-14:40:03
14.8;20.9;46.7;22.01.2017-15:00:03
13.8;21.0;46.2;22.01.2017-15:20:03
14.9;21.2;46.7;22.01.2017-15:40:03
11.1;21.2;46.7;22.01.2017-16:00:03
6.8;21.1;46.7;22.01.2017-16:20:03
2.9;20.9;46.2;22.01.2017-16:40:03
0.6;20.9;46.7;22.01.2017-17:00:03
-0.6;20.8;46.7;22.01.2017-17:20:03
-1.2;20.8;47.2;22.01.2017-17:40:03
-1.9;20.8;47.2;22.01.2017-18:00:03
-2.2;20.8;46.7;22.01.2017-18:20:03
-2.6;20.8;47.2;22.01.2017-18:40:03
-2.9;20.8;46.7;22.01.2017-19:00:03
-3.1;20.8;46.7;22.01.2017-19:20:03
-3.4;20.8;47.2;22.01.2017-19:40:03
-3.4;20.8;47.2;22.01.2017-20:00:03
-3.4;20.8;46.7;22.01.2017-20:20:03
-3.7;20.8;47.8;22.01.2017-20:40:03
-3.8;20.8;47.2;22.01.2017-21:00:03
-4.0;20.7;47.8;22.01.2017-21:20:03
-4.1;20.8;47.2;22.01.2017-21:40:03
-4.4;20.7;47.2;22.01.2017-22:00:04
-4.7;20.8;47.2;22.01.2017-22:20:03
-5.1;20.7;47.2;22.01.2017-22:40:03
-5.2;20.7;47.2;22.01.2017-23:00:03
-5.4;20.7;47.2;22.01.2017-23:20:03
-5.6;20.7;47.8;22.01.2017-23:40:03
