20.9;21.7;43.5;29.10.2017-00:00:03
20.9;21.7;43.5;29.10.2017-00:20:03
20.9;21.7;44.0;29.10.2017-00:40:03
20.9;21.7;43.5;29.10.2017-01:00:03
20.9;21.7;43.5;29.10.2017-01:20:03
20.9;21.7;43.5;29.10.2017-01:40:03
20.9;21.7;43.5;29.10.2017-02:00:03
20.9;21.7;44.0;29.10.2017-02:20:03
20.9;21.7;43.5;29.10.2017-02:40:03
20.8;21.7;43.5;29.10.2017-02:00:03
20.8;21.6;43.5;29.10.2017-02:20:03
20.8;21.6;42.9;29.10.2017-02:40:03
20.8;21.6;43.5;29.10.2017-03:00:03
20.8;21.6;43.5;29.10.2017-03:20:03
20.8;21.6;43.5;29.10.2017-03:40:03
20.8;21.6;43.5;29.10.2017-04:00:03
20.8;21.6;42.9;29.10.2017-04:20:04
20.8;21.6;43.5;29.10.2017-04:40:03
20.8;21.6;43.5;29.10.2017-05:00:04
20.8;21.6;42.9;29.10.2017-05:20:03
20.8;21.6;42.9;29.10.2017-05:40:03
20.8;21.6;44.0;29.10.2017-06:00:03
20.8;21.6;44.0;29.10.2017-06:20:03
20.8;21.6;43.5;29.10.2017-06:40:03
20.8;21.6;43.5;29.10.2017-07:00:03
20.8;21.6;43.5;29.10.2017-07:20:03
20.8;21.6;43.5;29.10.2017-07:40:03
20.8;21.6;43.5;29.10.2017-08:00:04
20.8;21.6;43.5;29.10.2017-08:20:03
20.8;21.5;44.0;29.10.2017-08:40:03
20.9;21.1;43.5;29.10.2017-09:00:03
21.1;21.1;44.0;29.10.2017-09:20:04
21.2;21.2;42.9;29.10.2017-09:40:03
21.3;21.3;43.5;29.10.2017-10:00:03
21.2;21.2;43.5;29.10.2017-10:20:03
21.0;21.0;43.5;29.10.2017-10:40:04
20.9;21.0;43.5;29.10.2017-11:00:03
20.9;21.0;42.9;29.10.2017-11:20:03
20.9;20.9;43.5;29.10.2017-11:40:03
20.9;20.9;43.5;29.10.2017-12:00:03
20.9;20.9;43.5;29.10.2017-12:20:03
20.9;20.9;43.5;29.10.2017-12:40:03
20.9;20.9;43.5;29.10.2017-13:00:03
20.9;20.9;43.5;29.10.2017-13:20:03
20.9;20.9;43.5;29.10.2017-13:40:04
20.9;20.9;42.9;29.10.2017-14:00:03
20.9;20.9;42.9;29.10.2017-14:20:03
20.9;20.9;42.9;29.10.2017-14:40:03
20.9;20.9;44.0;29.10.2017-15:00:03
20.9;20.9;43.5;29.10.2017-15:20:03
20.8;20.9;42.9;29.10.2017-15:40:04
20.8;20.8;43.5;29.10.2017-16:00:03
20.8;20.9;42.9;29.10.2017-16:20:03
20.8;20.8;44.0;29.10.2017-16:40:03
20.8;20.8;42.9;29.10.2017-17:00:03
20.8;20.8;43.5;29.10.2017-17:20:03
20.8;20.8;43.5;29.10.2017-17:40:03
20.8;20.8;43.5;29.10.2017-18:00:03
20.9;20.9;43.5;29.10.2017-18:20:03
21.1;21.1;43.5;29.10.2017-18:40:03
21.2;21.2;44.0;29.10.2017-19:00:03
21.2;21.2;44.0;29.10.2017-19:20:04
21.2;21.2;42.9;29.10.2017-19:40:03
21.2;21.2;43.5;29.10.2017-20:00:03
21.4;21.4;44.0;29.10.2017-20:20:03
21.4;21.4;44.0;29.10.2017-20:40:03
21.4;21.4;44.0;29.10.2017-21:00:03
21.4;21.4;44.0;29.10.2017-21:20:03
21.5;21.5;43.5;29.10.2017-21:40:03
21.5;21.4;44.0;29.10.2017-22:00:03
21.3;21.3;44.0;29.10.2017-22:20:03
21.2;21.2;44.0;29.10.2017-22:40:03
21.1;21.1;43.5;29.10.2017-23:00:03
21.1;21.1;43.5;29.10.2017-23:20:03
21.1;21.0;43.5;29.10.2017-23:40:03
