8.6;20.3;43.5;04.11.2017-00:00:03
8.8;20.3;43.5;04.11.2017-00:20:03
8.8;20.3;43.5;04.11.2017-00:40:03
8.9;20.3;42.9;04.11.2017-01:00:03
9.1;20.3;43.5;04.11.2017-01:20:03
8.9;20.3;43.5;04.11.2017-01:40:03
8.9;20.3;43.5;04.11.2017-02:00:04
8.9;20.3;43.5;04.11.2017-02:20:03
9.0;20.3;43.5;04.11.2017-02:40:03
8.9;20.3;42.9;04.11.2017-03:00:03
9.0;20.2;42.9;04.11.2017-03:20:03
9.1;20.3;42.9;04.11.2017-03:40:03
9.1;20.3;42.9;04.11.2017-04:00:03
9.1;20.3;43.5;04.11.2017-04:20:04
8.9;20.2;43.5;04.11.2017-04:40:04
9.0;20.2;43.5;04.11.2017-05:00:03
8.9;20.2;42.9;04.11.2017-05:20:03
8.9;20.2;43.5;04.11.2017-05:40:03
8.9;20.2;42.9;04.11.2017-06:00:03
8.8;20.2;42.9;04.11.2017-06:20:03
8.5;20.4;43.5;04.11.2017-06:40:03
8.4;20.6;42.9;04.11.2017-07:00:03
8.2;20.6;42.9;04.11.2017-07:20:03
8.2;20.6;42.9;04.11.2017-07:40:03
8.4;20.6;42.9;04.11.2017-08:00:04
8.8;20.6;42.9;04.11.2017-08:20:04
9.5;20.1;42.9;04.11.2017-08:40:03
10.4;20.2;42.9;04.11.2017-09:00:03
11.1;20.3;42.9;04.11.2017-09:20:03
11.4;20.3;42.9;04.11.2017-09:40:03
12.1;20.4;42.9;04.11.2017-10:00:03
12.9;20.4;43.5;04.11.2017-10:20:03
13.2;20.4;43.5;04.11.2017-10:40:03
13.1;20.3;42.9;04.11.2017-11:00:03
13.5;20.4;42.9;04.11.2017-11:20:03
14.6;20.4;42.9;04.11.2017-11:40:03
15.4;20.4;43.5;04.11.2017-12:00:03
16.2;20.4;42.9;04.11.2017-12:20:03
16.5;20.4;43.5;04.11.2017-12:40:03
17.2;20.4;42.9;04.11.2017-13:00:03
17.3;20.4;42.9;04.11.2017-13:20:04
17.2;20.4;42.9;04.11.2017-13:40:03
17.8;20.4;42.9;04.11.2017-14:00:03
18.2;20.4;43.5;04.11.2017-14:20:03
18.2;20.4;42.9;04.11.2017-14:40:03
18.1;20.4;43.5;04.11.2017-15:00:03
18.1;20.4;42.9;04.11.2017-15:20:03
17.5;20.4;42.9;04.11.2017-15:40:03
16.8;20.4;43.5;04.11.2017-16:00:03
16.2;20.4;42.9;04.11.2017-16:20:03
15.8;20.4;42.9;04.11.2017-16:40:03
15.1;20.4;42.9;04.11.2017-17:00:03
14.4;20.6;42.9;04.11.2017-17:20:03
13.4;20.8;42.9;04.11.2017-17:40:04
12.9;20.9;43.5;04.11.2017-18:00:03
12.5;20.9;42.9;04.11.2017-18:20:03
12.2;20.8;43.5;04.11.2017-18:40:03
11.7;20.8;42.9;04.11.2017-19:00:03
11.6;20.8;43.5;04.11.2017-19:20:03
11.6;20.8;43.5;04.11.2017-19:40:03
11.6;20.8;42.9;04.11.2017-20:00:03
11.4;20.8;42.9;04.11.2017-20:20:04
11.4;20.8;42.9;04.11.2017-20:40:03
11.5;20.8;43.5;04.11.2017-21:00:03
11.4;20.8;43.5;04.11.2017-21:20:03
11.6;20.8;42.9;04.11.2017-21:40:04
11.7;20.8;43.5;04.11.2017-22:00:03
11.9;20.8;43.5;04.11.2017-22:20:03
11.8;20.8;42.9;04.11.2017-22:40:03
11.5;20.8;42.9;04.11.2017-23:00:04
11.1;20.8;42.9;04.11.2017-23:20:04
11.0;20.8;42.9;04.11.2017-23:40:03
