6.0;21.9;47.8;05.02.2017-00:00:03
5.1;21.9;49.4;05.02.2017-00:20:03
4.4;21.9;49.4;05.02.2017-00:40:03
3.8;21.9;48.3;05.02.2017-01:00:03
3.2;21.9;49.4;05.02.2017-01:20:03
2.8;21.9;50.5;05.02.2017-01:40:03
2.2;21.8;48.3;05.02.2017-02:00:03
2.0;21.8;48.3;05.02.2017-02:20:03
1.9;21.8;47.8;05.02.2017-02:40:03
1.7;21.8;48.9;05.02.2017-03:00:03
1.4;21.8;49.4;05.02.2017-03:20:03
1.3;21.8;49.4;05.02.2017-03:40:03
1.8;21.8;49.4;05.02.2017-04:00:03
2.5;21.8;49.4;05.02.2017-04:20:03
2.7;21.8;48.3;05.02.2017-04:40:02
2.9;21.8;51.5;05.02.2017-05:00:02
2.5;21.8;49.4;05.02.2017-05:20:03
2.0;21.8;49.4;05.02.2017-05:40:03
1.7;21.8;49.9;05.02.2017-06:00:03
2.2;21.8;48.3;05.02.2017-06:20:03
2.6;21.8;49.4;05.02.2017-06:40:03
3.1;22.1;52.6;05.02.2017-07:00:02
3.4;21.9;51.5;05.02.2017-07:20:03
3.8;21.8;51.5;05.02.2017-07:40:02
4.5;16.3;46.7;05.02.2017-08:00:02
4.6;20.2;48.9;05.02.2017-08:20:03
4.7;20.9;51.0;05.02.2017-08:40:03
4.7;21.2;50.5;05.02.2017-09:00:03
5.0;21.3;51.5;05.02.2017-09:20:03
5.4;21.4;49.9;05.02.2017-09:40:03
5.7;21.4;50.5;05.02.2017-10:00:03
6.1;21.4;51.5;05.02.2017-10:20:03
6.2;21.4;51.5;05.02.2017-10:40:03
6.8;21.4;50.5;05.02.2017-11:00:03
7.2;21.5;51.5;05.02.2017-11:20:03
7.7;21.5;52.1;05.02.2017-11:40:03
8.2;21.5;52.1;05.02.2017-12:00:03
8.2;21.5;53.2;05.02.2017-12:20:03
8.1;21.6;53.7;05.02.2017-12:40:03
7.9;21.6;53.7;05.02.2017-13:00:03
7.3;21.6;52.6;05.02.2017-13:20:03
7.1;21.6;53.7;05.02.2017-13:40:03
6.8;21.6;47.2;05.02.2017-14:00:03
6.8;21.6;48.3;05.02.2017-14:20:03
6.6;21.6;47.2;05.02.2017-14:40:03
6.6;21.6;47.2;05.02.2017-15:00:03
6.4;21.6;47.2;05.02.2017-15:20:03
6.4;21.6;47.2;05.02.2017-15:40:03
6.4;21.6;47.2;05.02.2017-16:00:03
6.4;21.6;47.2;05.02.2017-16:20:03
6.4;21.6;47.2;05.02.2017-16:40:03
6.2;21.6;47.8;05.02.2017-17:00:03
6.2;21.6;47.8;05.02.2017-17:20:03
6.1;21.5;48.3;05.02.2017-17:40:03
6.0;21.6;53.2;05.02.2017-18:00:03
6.1;21.7;47.2;05.02.2017-18:20:03
6.0;21.8;47.8;05.02.2017-18:40:03
6.0;22.1;48.3;05.02.2017-19:00:03
5.9;22.2;47.2;05.02.2017-19:20:03
5.8;21.9;48.3;05.02.2017-19:40:03
5.7;21.8;48.3;05.02.2017-20:00:03
5.6;21.8;47.8;05.02.2017-20:20:03
5.6;21.8;47.8;05.02.2017-20:40:03
5.6;21.8;47.8;05.02.2017-21:00:03
5.6;21.8;47.8;05.02.2017-21:20:03
5.5;21.8;47.8;05.02.2017-21:40:03
5.4;21.8;47.8;05.02.2017-22:00:03
5.4;21.8;49.9;05.02.2017-22:20:03
5.5;21.8;48.9;05.02.2017-22:40:03
5.4;21.8;48.3;05.02.2017-23:00:03
5.3;21.8;47.8;05.02.2017-23:20:03
5.3;21.8;48.9;05.02.2017-23:40:03
