5.5;21.1;54.8;31.01.2017-00:00:03
5.5;21.1;54.2;31.01.2017-00:20:03
5.6;21.1;55.3;31.01.2017-00:40:03
5.6;21.1;54.2;31.01.2017-01:00:03
5.6;21.1;54.8;31.01.2017-01:20:03
5.6;21.1;54.8;31.01.2017-01:40:03
5.7;21.1;54.8;31.01.2017-02:00:03
5.7;21.1;54.2;31.01.2017-02:20:03
5.6;21.1;54.2;31.01.2017-02:40:03
5.6;21.1;54.2;31.01.2017-03:00:03
5.6;21.1;54.8;31.01.2017-03:20:03
5.6;21.1;51.0;31.01.2017-03:40:03
5.5;21.1;50.5;31.01.2017-04:00:03
5.6;21.1;50.5;31.01.2017-04:20:03
5.6;21.1;50.5;31.01.2017-04:40:03
5.5;21.1;50.5;31.01.2017-05:00:03
5.6;21.1;51.0;31.01.2017-05:20:02
5.6;21.1;58.0;31.01.2017-05:40:03
5.8;21.1;49.4;31.01.2017-06:00:03
5.9;21.1;49.4;31.01.2017-06:20:02
6.1;21.1;49.4;31.01.2017-06:40:03
6.2;21.1;49.4;31.01.2017-07:00:03
6.2;21.1;49.4;31.01.2017-07:20:03
6.4;21.1;49.4;31.01.2017-07:40:02
6.4;21.1;50.5;31.01.2017-08:00:02
6.5;21.1;50.5;31.01.2017-08:20:03
6.6;21.1;50.5;31.01.2017-08:40:03
6.8;21.1;49.4;31.01.2017-09:00:03
6.8;21.1;53.7;31.01.2017-09:20:02
6.9;21.1;50.5;31.01.2017-09:40:03
7.0;21.1;55.8;31.01.2017-10:00:03
7.2;21.1;53.7;31.01.2017-10:20:03
7.5;21.1;52.6;31.01.2017-10:40:03
7.8;21.1;51.5;31.01.2017-11:00:03
8.1;21.1;52.6;31.01.2017-11:20:03
8.4;21.2;47.8;31.01.2017-11:40:03
8.4;21.2;47.2;31.01.2017-12:00:03
8.4;21.2;49.4;31.01.2017-12:20:03
8.3;21.1;49.4;31.01.2017-12:40:03
8.2;21.2;49.4;31.01.2017-13:00:03
8.2;21.2;48.3;31.01.2017-13:20:03
8.4;21.2;47.8;31.01.2017-13:40:03
8.4;21.2;47.2;31.01.2017-14:00:03
8.2;21.2;47.2;31.01.2017-14:20:03
8.3;21.2;48.3;31.01.2017-14:40:03
8.3;21.2;46.7;31.01.2017-15:00:03
8.2;21.2;47.2;31.01.2017-15:20:03
8.2;21.2;59.1;31.01.2017-15:40:03
8.1;21.2;48.3;31.01.2017-16:00:03
8.0;21.2;48.9;31.01.2017-16:20:03
8.0;21.2;49.4;31.01.2017-16:40:03
7.9;21.2;48.9;31.01.2017-17:00:03
7.9;21.2;48.9;31.01.2017-17:20:03
7.8;21.2;48.3;31.01.2017-17:40:03
7.7;21.2;48.3;31.01.2017-18:00:03
7.8;21.2;48.3;31.01.2017-18:20:03
7.8;21.2;48.3;31.01.2017-18:40:03
7.7;21.2;48.3;31.01.2017-19:00:03
7.7;21.2;48.9;31.01.2017-19:20:03
7.7;21.2;48.3;31.01.2017-19:40:03
7.8;21.2;49.4;31.01.2017-20:00:03
7.6;21.2;49.4;31.01.2017-20:20:03
7.6;21.2;48.3;31.01.2017-20:40:03
7.5;21.2;49.9;31.01.2017-21:00:03
7.7;21.2;49.9;31.01.2017-21:20:02
7.6;21.2;48.3;31.01.2017-21:40:03
7.5;21.2;48.9;31.01.2017-22:00:03
7.4;21.2;49.4;31.01.2017-22:20:03
7.6;21.2;49.9;31.01.2017-22:40:03
7.7;21.2;50.5;31.01.2017-23:00:03
7.7;21.2;47.2;31.01.2017-23:20:03
7.0;21.2;47.2;31.01.2017-23:40:03
