19,5;19,2;36,5;12.11.2017-10:20:58
20,8;21,1;42,9;12.11.2017-10:40:03
11,4;22,0;44,0;12.11.2017-11:00:03
11,2;22,2;45,1;12.11.2017-11:20:03
11,7;21,7;45,1;12.11.2017-11:40:03
11,6;21,4;44,5;12.11.2017-12:00:03
11,7;21,0;45,1;12.11.2017-12:20:03
11,5;20,8;44,0;12.11.2017-12:40:03
12,2;20,6;43,5;12.11.2017-13:00:03
12,3;20,4;44,0;12.11.2017-13:20:03
13,2;20,4;43,5;12.11.2017-13:40:04
13,1;20,1;42,9;12.11.2017-14:00:03
12,4;19,9;42,9;12.11.2017-14:20:03
9,5;19,8;42,9;12.11.2017-14:40:03
9,2;19,6;42,9;12.11.2017-15:00:03
9,1;19,6;42,9;12.11.2017-15:20:03
9,0;19,5;43,5;12.11.2017-15:40:03
8,9;19,4;42,9;12.11.2017-16:00:03
8,8;19,1;41,3;12.11.2017-16:20:03
8,3;18,9;41,9;12.11.2017-16:40:03
8,2;19,3;41,9;12.11.2017-17:00:04
8,5;20,2;41,9;12.11.2017-17:20:03
8,1;21,3;43,5;12.11.2017-17:40:03
7,8;21,8;44,0;12.11.2017-18:00:03
7,4;22,1;44,5;12.11.2017-18:20:03
6,5;21,9;44,5;12.11.2017-18:40:03
5,9;21,4;44,0;12.11.2017-19:00:03
6,1;21,0;44,0;12.11.2017-19:20:03
20,4;20,3;39,2;12.11.2017-20:20:03
21,6;21,6;44,0;12.11.2017-20:40:04
21,6;21,6;45,1;12.11.2017-21:00:03
21,7;21,7;44,0;12.11.2017-21:20:03
21,7;21,7;45,1;12.11.2017-21:40:04
21,7;21,8;44,5;12.11.2017-22:00:03
21,7;21,7;45,1;12.11.2017-22:20:03
21,7;21,7;45,1;12.11.2017-22:40:03
21,7;21,7;45,1;12.11.2017-23:00:03
21,7;21,8;45,1;12.11.2017-23:20:03
21,7;21,7;45,1;12.11.2017-23:40:03
