3.6;20.5;43.5;01.11.2017-00:00:03
3.4;20.4;42.9;01.11.2017-00:20:04
3.4;20.4;42.9;01.11.2017-00:40:03
3.3;20.4;43.5;01.11.2017-01:00:03
3.2;20.4;43.5;01.11.2017-01:20:03
3.2;20.4;43.5;01.11.2017-01:40:03
3.1;20.4;43.5;01.11.2017-02:00:03
3.1;20.3;43.5;01.11.2017-02:20:03
3.1;20.3;43.5;01.11.2017-02:40:03
3.1;20.3;42.9;01.11.2017-03:00:03
3.1;20.3;44.0;01.11.2017-03:20:03
2.9;20.3;43.5;01.11.2017-03:40:03
2.9;20.3;42.9;01.11.2017-04:00:04
2.9;20.3;43.5;01.11.2017-04:20:03
3.0;20.2;43.5;01.11.2017-04:40:03
2.9;20.2;42.9;01.11.2017-05:00:03
2.9;20.2;42.9;01.11.2017-05:20:04
2.8;20.2;42.9;01.11.2017-05:40:03
2.7;20.3;43.5;01.11.2017-06:00:03
2.5;20.4;42.9;01.11.2017-06:20:03
2.1;20.4;42.9;01.11.2017-06:40:03
2.0;19.2;41.9;01.11.2017-07:00:03
2.1;19.8;42.4;01.11.2017-07:20:03
2.3;19.9;42.9;01.11.2017-07:40:03
2.7;20.0;44.0;01.11.2017-08:00:03
4.5;20.1;41.9;01.11.2017-08:20:03
5.0;20.0;41.9;01.11.2017-08:40:03
6.0;20.1;41.3;01.11.2017-09:00:03
7.0;20.1;41.9;01.11.2017-09:20:04
7.8;20.1;41.3;01.11.2017-09:40:03
8.4;20.1;41.9;01.11.2017-10:00:03
9.2;20.2;41.3;01.11.2017-10:20:03
10.0;20.2;41.3;01.11.2017-10:40:04
10.6;20.2;41.9;01.11.2017-11:00:03
11.2;20.2;41.9;01.11.2017-11:20:03
11.8;20.2;41.9;01.11.2017-11:40:03
12.4;20.2;41.3;01.11.2017-12:00:04
12.9;20.2;41.9;01.11.2017-12:20:03
14.2;20.2;41.9;01.11.2017-12:40:03
15.9;20.2;41.9;01.11.2017-13:00:03
18.1;20.3;41.9;01.11.2017-13:20:04
20.9;20.4;41.9;01.11.2017-13:40:03
23.6;20.4;41.9;01.11.2017-14:00:03
25.6;20.5;42.4;01.11.2017-14:20:03
27.2;20.6;41.9;01.11.2017-14:40:04
29.0;20.6;41.9;01.11.2017-15:00:03
29.1;20.9;41.9;01.11.2017-15:20:03
26.2;21.4;42.4;01.11.2017-15:40:03
20.2;20.7;41.9;01.11.2017-16:00:03
17.8;20.6;41.9;01.11.2017-16:20:03
16.5;20.5;42.9;01.11.2017-16:40:03
15.1;20.4;43.5;01.11.2017-17:00:03
13.4;20.4;43.5;01.11.2017-17:20:03
12.2;20.4;43.5;01.11.2017-17:40:03
11.2;20.4;43.5;01.11.2017-18:00:03
10.5;20.4;42.9;01.11.2017-18:20:03
9.8;20.3;43.5;01.11.2017-18:40:03
9.4;20.3;43.5;01.11.2017-19:00:03
9.0;20.3;42.9;01.11.2017-19:20:03
8.7;20.2;43.5;01.11.2017-19:40:03
8.4;20.2;42.9;01.11.2017-20:00:03
8.1;20.2;42.9;01.11.2017-20:20:03
8.1;20.4;43.5;01.11.2017-20:40:03
7.9;20.6;43.5;01.11.2017-21:00:03
7.6;20.4;43.5;01.11.2017-21:20:03
7.4;20.4;43.5;01.11.2017-21:40:03
7.2;20.4;43.5;01.11.2017-22:00:03
7.0;20.3;44.0;01.11.2017-22:20:03
6.8;20.3;43.5;01.11.2017-22:40:04
6.6;20.2;43.5;01.11.2017-23:00:03
6.4;20.2;42.9;01.11.2017-23:20:04
6.1;20.2;42.9;01.11.2017-23:40:03
